 destination distance_m duration_s origin time v_ave_kmph
0 18.7927,-99.1064 588852.0 26237.0 19.25,-102.6667 2014_8_8 80.79685939703472
1 20.075,-98.3314 985477.0 39306.0 25.6325,-100.1469 2014_8_8 90.25892230193865
2 17.2619,-99.147 1237961.0 53818.0 25.3642,-99.5867 2014_8_8 82.8098331413282
3 21.144,-98.9597 2644030.0 102422.0 32.3842,-115.2296 2014_8_8 92.93421335260004
4 17.6911,-97.9683 816517.0 37036.0 16.3951,-92.8158 2014_8_8 79.36767469489145
5 21.9725,-102.3494 1028673.0 37921.0 18.032,-95.2114 2014_8_8 97.65625379077557
6 19.0767,-103.7844 674266.0 27047.0 19.5791,-99.3124 2014_8_8 89.74590897326875
7 17.2136,-99.6504 1090963.0 46916.0 19.342,-104.2432 2014_8_8 83.71273765879444
8 20.6113,-101.4611 473591.0 18638.0 22.63,-99.8792 2014_8_8 91.47588797081232
9 32.4711,-116.3941 3260124.0 117364.0 19.9186,-97.0447 2014_8_8 100.00039535121502
10 22.9489,-102.7022 681557.0 28872.0 21.3266,-97.8574 2014_8_8 84.98216957605985
11 24.67,-107.6616 756134.0 31047.0 25.8165,-103.2826 2014_8_8 87.67618127355301
12 20.74,-99.1291 1597819.0 68486.0 26.1461,-108.2972 2014_8_8 83.99013521011594
13 20.9097,-103.2137 736211.0 30294.0 25.5281,-100.199 2014_8_8 87.48793820558527
14 23.3848,-100.575 168976.0 10282.0 23.9735,-99.7718 2014_8_8 59.1629644038125
15 19.1077,-97.5935 880692.0 34758.0 19.162,-103.9257 2014_8_8 91.21615743138271
16 25.2593,-99.9904 815331.0 36378.0 19.7268,-100.8588 2014_8_8 80.68589807026225
17 27.3344,-110.2889 1307876.0 53482.0 25.7733,-102.3009 2014_8_8 88.03622901163006
18 20.0357,-104.4649 690806.0 31656.0 21.7603,-99.6769 2014_8_8 78.56019711902957
19 20.6557,-87.9361 1911372.0 73176.0 22.3794,-100.8831 2014_8_8 94.03273204329287
20 25.1172,-111.2896 1635859.0 91588.0 25.4656,-101.4542 2014_8_8 64.29982530462506
21 22.3019,-102.1046 1266376.0 53289.0 16.1739,-95.8864 2014_8_8 85.55149467995271
22 18.4417,-92.7314 1235027.0 46198.0 16.9847,-100.1269 2014_8_8 96.24003636521059
23 20.5504,-100.0482 206637.0 9400.0 19.2386,-99.2394 2014_8_8 79.13757446808509
24 27.2273,-109.7103 3017698.0 116828.0 21.2819,-88.9295 2014_8_8 92.98894785496628
25 19.8553,-99.1954 337305.0 14892.0 19.3493,-101.7193 2014_8_8 81.5402900886382
26 24.3267,-99.11 832949.0 37960.0 19.073,-96.5655 2014_8_8 78.99410958904109
27 19.4006,-99.0148 422348.0 16965.0 19.7608,-96.6072 2014_8_8 89.62291777188328
28 28.8333,-106.75 1329406.0 51464.0 32.2925,-116.5256 2014_8_8 92.99435722058138
29 19.5342,-101.6436 896907.0 38177.0 25.6053,-101.0197 2014_8_8 84.57618985252903
30 19.9745,-101.5258 579258.0 26058.0 20.1616,-97.6361 2014_8_8 80.02643334100853
31 18.7506,-99.2558 179234.0 8510.0 18.5919,-98.2867 2014_8_8 75.82166862514687
32 20.4353,-98.0061 188736.0 12849.0 21.0306,-98.3907 2014_8_8 52.87957039458322
33 20.1077,-96.7867 651143.0 30712.0 17.8081,-99.4514 2014_8_8 76.32569679604062
34 25.5333,-108.8833 1888946.0 73235.0 17.0711,-96.7191 2014_8_8 92.8545859220318
35 29.1069,-110.9003 2188983.0 86311.0 17.4882,-99.1428 2014_8_8 91.30167417826232
36 19.6458,-101.4119 207209.0 10177.0 19.9014,-102.7765 2014_8_8 73.29786774098459
37 19.4393,-103.6508 878886.0 35713.0 20.6473,-97.4013 2014_8_8 88.59489821633578
38 17.8219,-94.3156 962094.0 44237.0 21.9699,-99.4265 2014_8_8 78.29505617469539
39 18.0424,-90.3905 1361482.0 58934.0 18.1159,-99.8344 2014_8_8 83.16651169104422
40 19.5448,-98.7475 372841.0 17531.0 17.3369,-99.3583 2014_8_8 76.56309394786378
41 21.3811,-97.8967 242904.0 12137.0 20.1526,-96.832 2014_8_8 72.04864464035595
42 24.05,-104.6833 906222.0 38648.0 21.1606,-98.3404 2014_8_8 84.41314427654731
43 18.0189,-95.6344 2566137.0 96328.0 30.6478,-110.9672 2014_8_8 95.90247072502285
44 28.0792,-106.9792 1593342.0 64037.0 19.301,-99.2707 2014_8_8 89.57370270312475
45 20.4829,-101.9685 748184.0 32144.0 19.8061,-96.9768 2014_8_8 83.79362867098058
46 22.3464,-102.2576 306892.0 13040.0 20.4811,-103.5308 2014_8_8 84.72478527607363
47 17.0633,-97.4781 861926.0 36278.0 21.0792,-101.48 2014_8_8 85.53210210044656
48 19.3928,-99.5759 499999.0 21459.0 21.9883,-99.0558 2014_8_8 83.88072137564659
49 21.1061,-89.16 1326018.0 58811.0 16.0694,-96.6172 2014_8_8 81.16959072282397
50 18.915,-99.1886 244232.0 11298.0 19.3656,-97.8324 2014_8_8 77.82219861922465
51 15.985,-93.3816 465864.0 22855.0 15.9154,-95.899 2014_8_8 73.38045941807044
52 28.4932,-100.9223 808827.0 32338.0 22.4394,-102.325 2014_8_8 90.04196920032162
53 23.3963,-98.5374 905593.0 38699.0 18.7922,-99.2075 2014_8_8 84.24338613400863
54 18.8458,-103.9178 941559.0 38249.0 20.7298,-97.543 2014_8_8 88.61963450024838
55 18.8656,-96.3933 145005.0 6375.0 18.9169,-97.3858 2014_8_8 81.88517647058825
56 22.8768,-103.798 564171.0 28816.0 20.0356,-101.7506 2014_8_8 70.48221821210439
57 20.5383,-103.1836 1894220.0 72509.0 20.8382,-89.3001 2014_8_8 94.0461459956695
58 18.8947,-103.9139 529418.0 22121.0 20.9859,-101.1749 2014_8_8 86.15816644817144
59 18.0156,-92.9708 1419893.0 54530.0 22.5373,-103.1672 2014_8_8 93.73949752429856
60 18.3043,-93.371 605435.0 26504.0 16.747,-96.6804 2014_8_8 82.23536070027166
61 16.394,-92.6962 1611540.0 64225.0 18.8494,-103.9317 2014_8_8 90.331553133515
62 19.9661,-104.3989 400602.0 17978.0 19.8068,-101.7208 2014_8_8 80.21844476582491
63 29.2041,-110.7577 1613138.0 65316.0 19.1523,-104.0376 2014_8_8 88.91078449384531
64 19.559,-99.0271 502563.0 19304.0 21.9637,-102.3359 2014_8_8 93.72289680895152
65 19.2269,-103.6864 751818.0 32797.0 20.4321,-98.6401 2014_8_8 82.52415769735036
66 21.0845,-104.7296 1052937.0 40621.0 19.2137,-96.5441 2014_8_8 93.31560522882252
67 22.5205,-97.8991 477121.0 21527.0 20.6554,-99.9949 2014_8_8 79.78982672922376
68 21.9786,-105.1108 897479.0 36355.0 18.9568,-100.4064 2014_8_8 88.87152798789712
69 16.5085,-96.1677 1211086.0 47035.0 20.3782,-103.7444 2014_8_8 92.6950058467099
70 26.7986,-101.4032 1466931.0 58951.0 27.1448,-109.8646 2014_8_8 89.58205289138438
71 19.06,-98.7639 70251.0 4257.0 19.3026,-99.1339 2014_8_8 59.408879492600434
72 17.6844,-100.6965 1508189.0 71057.0 27.7583,-101.5054 2014_8_8 76.41021152032873
73 18.8989,-97.0686 128215.0 6582.0 18.6931,-97.8112 2014_8_8 70.12670920692797
74 17.2292,-100.728 407878.0 18485.0 18.8753,-99.1614 2014_8_8 79.43526102245066
75 25.8635,-104.0489 1289076.0 56425.0 17.6825,-101.3114 2014_8_8 82.24499069561367
76 19.0917,-103.8591 967306.0 42531.0 23.087,-98.4885 2014_8_8 81.87678634407844
77 25.595,-107.9619 1454894.0 62211.0 32.0499,-115.9773 2014_8_8 84.19119448329074
78 23.8033,-99.1702 617356.0 29832.0 19.9468,-97.0869 2014_8_8 74.49991954947706
79 29.2118,-107.4722 1341153.0 60363.0 24.2513,-98.2838 2014_8_8 79.98526912181303
80 20.6405,-89.5756 1956340.0 83248.0 25.3178,-98.5582 2014_8_8 84.60051893138574
81 21.3767,-99.7081 669033.0 30073.0 19.5542,-103.3072 2014_8_8 80.08907658032122
82 18.7529,-96.3977 34002.0 2192.0 18.9503,-96.2857 2014_8_8 55.842700729926996
83 19.1241,-103.7692 464081.0 20723.0 20.4128,-100.6108 2014_8_8 80.62016117357527
84 19.2091,-99.163 232238.0 11127.0 18.6858,-97.5981 2014_8_8 75.13766513885145
85 25.5962,-100.0489 786997.0 32776.0 20.7014,-101.6672 2014_8_8 86.44096900170857
86 18.3776,-100.188 295395.0 14936.0 19.2132,-99.0894 2014_8_8 71.19858061060525
87 23.9446,-104.1306 710192.0 29607.0 28.6132,-106.1445 2014_8_8 86.35428108217653
88 18.5999,-102.4838 2637058.0 111429.0 32.0532,-115.7858 2014_8_8 85.19693078103545
89 18.3411,-100.343 1236476.0 55075.0 16.1402,-92.8461 2014_8_8 80.82276168860645
90 19.1727,-104.0318 1467117.0 56124.0 17.9229,-92.9109 2014_8_8 94.10628608082105
91 25.6111,-103.2137 1485556.0 60789.0 17.2141,-100.1953 2014_8_8 87.97646942703449
92 19.0069,-103.7131 1756015.0 67846.0 18.5689,-90.7307 2014_8_8 93.17651740706894
93 20.1046,-98.2037 618063.0 23664.0 21.8156,-102.0167 2014_8_8 94.02581135902638
94 19.1262,-103.8718 956079.0 44599.0 25.0874,-104.775 2014_8_8 77.17402632346017
95 26.1795,-99.6626 915478.0 36479.0 20.4956,-101.2534 2014_8_8 90.34570026590643
96 19.4639,-99.1802 205524.0 9417.0 18.7893,-100.3632 2014_8_8 78.56922586811086
97 19.8743,-89.9276 1823969.0 69829.0 20.2879,-103.6589 2014_8_8 94.03383121625687
98 23.1335,-101.5613 700493.0 29880.0 18.6553,-99.2653 2014_8_8 84.3967469879518
99 25.1705,-104.5367 773061.0 33879.0 20.3298,-103.1288 2014_8_8 82.1458602674223
100 21.3088,-99.4165 681065.0 30758.0 25.4625,-99.9154 2014_8_8 79.71370050068275
101 19.3655,-101.7462 862975.0 34516.0 17.0225,-96.5386 2014_8_8 90.00782245914938
102 21.8813,-105.0372 1066987.0 40477.0 19.5432,-96.8275 2014_8_8 94.89718111520122
103 19.7305,-99.1381 1178662.0 45693.0 28.4932,-100.9223 2014_8_8 92.86287177467008
104 25.7192,-108.4189 1132515.0 46343.0 19.3275,-101.9197 2014_8_8 87.97561659797596
105 16.6522,-92.8358 2595969.0 99434.0 27.6406,-110.5025 2014_8_8 93.98684956855804
106 16.9472,-95.7169 777532.0 35585.0 20.1993,-99.9927 2014_8_8 78.65997470844457
107 25.5279,-100.1872 976974.0 42176.0 19.3318,-96.669 2014_8_8 83.39117981790592
108 29.3774,-110.2299 2039986.0 80732.0 19.3514,-98.9483 2014_8_8 90.96702175097856
109 19.2166,-99.1785 880396.0 35660.0 25.3586,-101.0187 2014_8_8 88.87901289960743
110 16.1069,-97.1443 3427027.0 137277.0 32.4623,-117.0544 2014_8_8 89.8715531370878
111 25.6095,-100.4631 1007029.0 39385.0 18.7718,-98.973 2014_8_8 92.04784562650757
112 19.1813,-96.6003 428015.0 19901.0 20.9353,-98.4033 2014_8_8 77.42595849454801
113 19.4951,-98.9353 645924.0 24846.0 20.9713,-104.0491 2014_8_8 93.58956773726152
114 19.1839,-103.8152 1621354.0 64864.0 28.7968,-110.4202 2014_8_8 89.98634681795755
115 27.8107,-100.799 1181112.0 47604.0 19.3839,-99.1531 2014_8_8 89.32029241240231
116 18.6243,-95.3319 1208639.0 47870.0 19.3622,-104.0917 2014_8_8 90.894096511385
117 20.141,-100.8789 2726472.0 106048.0 31.3322,-116.1831 2014_8_8 92.55525045262523
118 17.8405,-101.2725 365000.0 21857.0 16.8034,-99.5399 2014_8_8 60.11803998718946
119 19.1694,-99.0257 667354.0 29813.0 19.3858,-103.1831 2014_8_8 80.58479186931875
120 19.9833,-99.7792 402156.0 14889.0 18.9092,-97.0511 2014_8_8 97.23699375377797
121 19.4656,-102.0031 480913.0 20522.0 18.6172,-99.2936 2014_8_8 84.36247929051748
122 25.5421,-107.7642 1896574.0 72436.0 18.44,-95.2269 2014_8_8 94.25791595339336
123 27.6703,-109.4992 2058193.0 81802.0 16.7838,-99.3985 2014_8_8 90.57840639593165
124 24.736,-98.8945 279581.0 16464.0 23.9735,-99.7718 2014_8_8 61.13287172011663
125 19.3833,-99.1167 425785.0 19229.0 21.5982,-97.8965 2014_8_8 79.71428571428571
126 20.75,-100.4833 258650.0 10799.0 19.0702,-99.6469 2014_8_8 86.22465043059542
127 19.5282,-96.9882 1630148.0 62310.0 25.6488,-108.3688 2014_8_8 94.18284063553202
128 27.9167,-106.7 2359006.0 93211.0 16.4672,-93.0014 2014_8_8 91.10965014858765
129 17.3818,-99.248 394358.0 18150.0 18.8776,-98.3185 2014_8_8 78.21976859504133
130 20.8708,-100.1697 746242.0 33271.0 25.4625,-99.9154 2014_8_8 80.74512939196299
131 21.0001,-89.2326 1574597.0 62950.0 19.6632,-100.7576 2014_8_8 90.04843844320891
132 17.3122,-96.5317 1716267.0 66439.0 28.3733,-100.8015 2014_8_8 92.99599933773838
133 20.5372,-104.0255 892684.0 38282.0 25.2386,-99.7102 2014_8_8 83.94708740400188
134 19.6092,-100.4958 489016.0 22692.0 21.9477,-100.2109 2014_8_8 77.58053939714438
135 20.4975,-101.0017 548786.0 21966.0 21.0914,-97.4714 2014_8_8 89.94034416826004
136 26.3175,-109.0851 977313.0 40827.0 23.1828,-103.1272 2014_8_8 86.17647145271513
137 23.3307,-98.7217 622895.0 27940.0 20.6353,-100.8412 2014_8_8 80.25848246241948
138 19.4525,-103.7711 990420.0 44083.0 24.9689,-99.8116 2014_8_8 80.88179116666291
139 20.0261,-98.7978 278884.0 11070.0 21.1517,-100.3204 2014_8_8 90.69398373983739
140 24.3352,-107.1091 870807.0 35428.0 18.8663,-103.7995 2014_8_8 88.48665462346165
141 19.233,-98.2842 614012.0 27725.0 23.1215,-98.9931 2014_8_8 79.72743733092877
142 24.3922,-98.6389 296808.0 13380.0 25.3833,-99.9 2014_8_8 79.85865470852018
143 31.0361,-114.8844 2749803.0 106573.0 19.3782,-99.2746 2014_8_8 92.8874180139435
144 19.2028,-96.9746 3088095.0 121932.0 32.0532,-115.7858 2014_8_8 91.17493356953057
145 20.7194,-100.9055 1605385.0 70067.0 28.3625,-109.5714 2014_8_8 82.48370845048309
146 16.809,-93.0563 1596618.0 60688.0 21.5783,-104.9659 2014_8_8 94.71105984708672
147 19.3833,-99.1 627722.0 29239.0 16.5949,-95.8008 2014_8_8 77.28715756352817
148 22.014,-99.4868 671333.0 30483.0 18.804,-97.778 2014_8_8 79.2834957189253
149 17.9672,-90.33 1069198.0 49282.0 19.1577,-98.8569 2014_8_8 78.10382695507488
150 25.64,-108.3925 266017.0 11901.0 27.2273,-109.7103 2014_8_8 80.46896899420217
151 19.0714,-96.2053 1754705.0 64471.0 25.7148,-108.3579 2014_8_8 97.98107676319587
152 19.6637,-103.9389 399662.0 20218.0 20.5909,-101.1838 2014_8_8 71.16347808883172
153 27.021,-107.7405 822619.0 44821.0 23.8454,-105.4335 2014_8_8 66.07234109011401
154 25.897,-108.103 1137158.0 51825.0 26.85,-102.1 2014_8_8 78.99216208393631
155 20.606,-98.7993 344891.0 18355.0 18.8449,-100.0166 2014_8_8 67.6441078725143
156 19.3083,-88.7874 1709973.0 67827.0 21.0299,-99.7434 2014_8_8 90.75888363041271
157 15.7083,-92.2278 1416322.0 61698.0 22.3904,-99.3074 2014_8_8 82.64059126713995
158 24.0633,-103.008 621183.0 26157.0 19.9003,-101.0428 2014_8_8 85.49370340635394
159 18.2486,-93.3406 861390.0 32151.0 20.2229,-99.8658 2014_8_8 96.4512456844266
160 18.8258,-99.1515 646622.0 28849.0 19.8769,-103.5283 2014_8_8 80.69046414087144
161 19.052,-103.7454 643498.0 30359.0 22.923,-100.9394 2014_8_8 76.3066240653513
162 18.371,-101.0847 223622.0 14917.0 18.7149,-99.9151 2014_8_8 53.96790239324261
163 16.3554,-97.7622 469279.0 20027.0 17.5333,-99.1333 2014_8_8 84.35633894242773
164 17.5536,-99.4103 512550.0 23872.0 20.7974,-99.0461 2014_8_8 77.29473860589812
165 19.4728,-98.1013 472172.0 22584.0 18.0783,-100.6466 2014_8_8 75.26652497343251
166 21.1253,-101.93 1298898.0 51062.0 16.3991,-93.1634 2014_8_8 91.57559045865813
167 19.9722,-99.5561 569837.0 23404.0 19.3184,-103.6783 2014_8_8 87.65224747906342
168 20.5032,-101.3639 806267.0 34290.0 17.0203,-97.6618 2014_8_8 84.64745406824146
169 17.3967,-97.5558 444894.0 21983.0 20.1611,-96.9302 2014_8_8 72.85713505890917
170 22.2283,-100.1281 1050705.0 51371.0 16.7254,-97.3784 2014_8_8 73.63177668334274
171 19.6447,-99.9444 162497.0 8561.0 19.3097,-98.8467 2014_8_8 68.33187711715921
172 19.0092,-103.7103 935069.0 53417.0 16.2014,-97.7382 2014_8_8 63.01829754572515
173 22.2021,-101.43 59730.0 4868.0 22.2463,-101.0048 2014_8_8 44.171733771569436
174 20.461,-102.8597 923868.0 35971.0 25.6811,-108.7988 2014_8_8 92.46128269995278
175 19.3191,-99.0899 383020.0 15374.0 19.2072,-96.2144 2014_8_8 89.68856510992585
176 16.1818,-92.9169 1476660.0 59110.0 20.5647,-103.2608 2014_8_8 89.93361529352055
177 16.3278,-97.6883 1118150.0 48061.0 21.7603,-99.6769 2014_8_8 83.7548115935998
178 20.6737,-97.4674 245660.0 10941.0 19.2072,-98.1931 2014_8_8 80.83136824787499
179 20.5228,-103.6129 503542.0 20172.0 19.3768,-99.7607 2014_8_8 89.86472337894112
180 21.3733,-98.9736 560771.0 26018.0 18.8736,-100.367 2014_8_8 77.59149819355831
181 19.4195,-99.4768 425067.0 18009.0 18.1635,-96.9534 2014_8_8 84.97091454272865
182 16.9352,-96.7163 1201537.0 46481.0 21.1008,-104.8199 2014_8_8 93.06024397065468
183 23.6183,-103.6419 649286.0 33505.0 27.5385,-103.0778 2014_8_8 69.76360543202507
184 19.5109,-99.5151 188011.0 10094.0 19.2744,-98.24 2014_8_8 67.05365563701208
185 17.5023,-99.3447 1248249.0 50146.0 25.2891,-104.0164 2014_8_8 89.61226020021537
186 20.2547,-101.657 405798.0 17948.0 18.8836,-99.7599 2014_8_8 81.39474036104302
187 21.5479,-105.0274 1095443.0 45638.0 24.9963,-98.3173 2014_8_8 86.41033349401816
188 19.4542,-101.1911 1415785.0 58791.0 27.1448,-109.8646 2014_8_8 86.69398377302649
189 25.3167,-98.1333 920546.0 40684.0 19.161,-97.8309 2014_8_8 81.45623832464851
190 25.6052,-105.7056 1594887.0 63190.0 16.9132,-99.4515 2014_8_8 90.86237062826395
191 18.8663,-103.7995 579215.0 24905.0 19.752,-100.0216 2014_8_8 83.72511543866693
192 16.4245,-97.2281 676276.0 34824.0 19.5714,-99.2946 2014_8_8 69.91137146795313
193 19.4736,-99.3431 508370.0 19724.0 21.9644,-102.3192 2014_8_8 92.78706144798215
194 26.3394,-99.8747 1603674.0 64511.0 28.9953,-110.7186 2014_8_8 89.492123823844
195 20.9664,-88.8836 1025482.0 43209.0 18.66,-96.1686 2014_8_8 85.43903353468028
196 21.5924,-98.3942 559604.0 24202.0 20.6825,-101.578 2014_8_8 83.23999669448806
197 20.2879,-103.6589 943356.0 35884.0 19.1568,-96.9108 2014_8_8 94.64055289265413
198 16.3663,-97.2358 900132.0 45200.0 17.65,-92.131 2014_8_8 71.69192920353983
199 19.3725,-99.1377 999399.0 45086.0 15.782,-92.8797 2014_8_8 79.7994144523799
200 19.0085,-102.3448 1166126.0 47231.0 25.9835,-99.7556 2014_8_8 88.88343672587919
201 21.9922,-98.9804 672724.0 28246.0 26.1836,-101.4243 2014_8_8 85.73980032570985
202 17.1633,-93.3769 690466.0 28420.0 19.4019,-98.1903 2014_8_8 87.46226600985224
203 28.6841,-107.0957 2152073.0 83447.0 18.1363,-94.7712 2014_8_8 92.84291586276319
204 19.1931,-103.7855 1227405.0 52453.0 27.917,-100.9524 2014_8_8 84.24032943778239
205 19.1879,-103.7936 1704309.0 66987.0 16.0821,-91.9948 2014_8_8 91.5925836356308
206 21.3953,-99.1579 847556.0 37837.0 19.0494,-104.251 2014_8_8 80.64068504374026
207 17.9211,-92.5993 867819.0 33083.0 19.6281,-99.2386 2014_8_8 94.43364870175013
208 21.3648,-104.9135 522946.0 20973.0 22.5717,-102.3468 2014_8_8 89.76329566585609
209 18.9292,-89.3289 1412943.0 54123.0 20.439,-99.9493 2014_8_8 93.98212959370323
210 20.8382,-89.3001 1836353.0 70539.0 20.5794,-102.7569 2014_8_8 93.71937226215286
211 19.2306,-103.7569 96948.0 4300.0 19.1074,-104.2575 2014_8_8 81.16576744186047
212 18.9964,-104.2447 473186.0 23672.0 19.3625,-101.4667 2014_8_8 71.96137208516392
213 20.7779,-101.266 911665.0 38586.0 17.3951,-96.327 2014_8_8 85.0566008396828
214 26.1929,-101.572 1219049.0 50830.0 18.1078,-98.0567 2014_8_8 86.33831202046036
215 19.3731,-101.9575 1637957.0 65501.0 29.0238,-110.8654 2014_8_8 90.02374314895954
216 19.1419,-99.3886 414379.0 18913.0 18.9922,-96.5262 2014_8_8 78.87508063236928
217 32.5639,-115.4395 1235052.0 49230.0 25.6337,-108.4606 2014_8_8 90.3145886654479
218 18.3544,-101.9814 781211.0 31630.0 19.2248,-97.3791 2014_8_8 88.91430920012648
219 28.7147,-110.3465 1549888.0 62085.0 21.9644,-102.3192 2014_8_8 89.87028750906015
220 20.4408,-102.8039 1567036.0 67566.0 18.0169,-90.3494 2014_8_8 83.49361513187104
221 21.1634,-102.5715 459094.0 20532.0 20.6482,-99.139 2014_8_8 80.49573348918763
222 19.052,-103.7454 957070.0 38285.0 18.9053,-97.1481 2014_8_8 89.99482826172131
223 25.551,-100.1341 2407516.0 85550.0 30.8174,-115.17 2014_8_8 101.30984921098774
224 20.5615,-100.2448 436779.0 20042.0 18.2877,-99.987 2014_8_8 78.45546352659416
225 31.0361,-114.8844 3051284.0 116681.0 18.9081,-97.0 2014_8_8 94.14234022677216
226 24.5458,-98.5452 687610.0 34203.0 23.5067,-102.7522 2014_8_8 72.37365143408474
227 23.743,-100.2529 1038022.0 44850.0 24.6156,-107.5421 2014_8_8 83.319491638796
228 19.5448,-98.7475 246354.0 10515.0 19.7083,-100.4664 2014_8_8 84.34373751783167
229 27.0233,-108.9344 1515610.0 64304.0 21.5722,-99.906 2014_8_8 84.85002488181141
230 18.9797,-99.1853 1082643.0 50959.0 26.1666,-101.8194 2014_8_8 76.48334543456505
231 22.4444,-103.0872 403099.0 17578.0 20.6291,-101.3462 2014_8_8 82.55526225964273
232 22.0324,-99.6351 791316.0 36597.0 17.375,-99.2808 2014_8_8 77.84074104434791
233 20.6582,-100.075 514565.0 21956.0 19.8277,-96.8654 2014_8_8 84.37028602659865
234 20.0154,-97.2332 157774.0 11561.0 20.704,-97.8127 2014_8_8 49.1295216676758
235 16.7965,-92.669 3798259.0 146708.0 31.6382,-116.3415 2014_8_8 93.20372713144478
236 20.8069,-101.4508 347118.0 13430.0 19.3487,-99.166 2014_8_8 93.0472673119881
237 18.7008,-100.7208 733809.0 35568.0 17.0684,-97.6661 2014_8_8 74.27216599190285
238 18.0965,-99.9553 691440.0 39245.0 19.0069,-103.7131 2014_8_8 63.42678048159
239 18.8885,-103.9617 936512.0 39951.0 25.3814,-101.1612 2014_8_8 84.38945708492903
240 19.6776,-99.455 105501.0 7834.0 19.1835,-99.0308 2014_8_8 48.48143987745725
241 23.7828,-98.7154 211490.0 10287.0 23.0576,-98.3963 2014_8_8 74.01224846894138
242 19.0391,-99.8486 1499586.0 60992.0 28.5833,-106.2115 2014_8_8 88.51176547743967
243 20.961,-101.4956 470213.0 21894.0 19.3515,-103.0722 2014_8_8 77.31647026582625
244 23.706,-98.6326 604932.0 25631.0 20.5367,-99.8811 2014_8_8 84.96567437868207
245 16.3589,-95.2194 1681629.0 62687.0 22.7331,-105.8456 2014_8_8 96.5728843300844
246 25.7304,-99.844 1841513.0 79298.0 15.7976,-92.1751 2014_8_8 83.60168982824284
247 19.686,-101.1651 2647332.0 103005.0 31.6411,-116.5233 2014_8_8 92.52361730013105
248 21.6475,-105.0668 1079122.0 41734.0 25.6071,-99.988 2014_8_8 93.08571428571429
249 18.8262,-97.4086 396090.0 20303.0 16.6761,-98.0772 2014_8_8 70.23218243609321
250 20.7481,-97.6541 684479.0 28385.0 17.5904,-98.9214 2014_8_8 86.81079443367977
251 19.3256,-103.6839 554778.0 25525.0 21.2303,-100.2524 2014_8_8 78.24488932419194
252 19.3595,-104.5483 485528.0 23553.0 19.3167,-101.8658 2014_8_8 74.21138708444784
253 19.303,-99.1071 800355.0 30514.0 17.8207,-92.6665 2014_8_8 94.4247886216163
254 21.9826,-102.2633 1671493.0 66354.0 15.7737,-92.4946 2014_8_8 90.68593905416401
255 27.4791,-102.0978 1747944.0 75200.0 17.3627,-96.2476 2014_8_8 83.67817021276595
256 21.8668,-102.2848 1171028.0 42914.0 18.2422,-93.9975 2014_8_8 98.236025539451
257 22.3281,-101.0233 567735.0 24332.0 20.7656,-97.4389 2014_8_8 83.99827387802071
258 19.9005,-96.5929 455916.0 18680.0 19.3811,-99.2579 2014_8_8 87.86389721627407
259 22.2376,-100.432 1180254.0 48257.0 28.2327,-106.5005 2014_8_8 88.04762832335207
260 19.4884,-99.3311 370210.0 18098.0 19.9991,-97.0229 2014_8_8 73.64106531108409
261 20.3295,-99.0391 417116.0 17950.0 20.5291,-102.3262 2014_8_8 83.65557660167131
262 19.4682,-98.354 359628.0 14719.0 17.3546,-97.1116 2014_8_8 87.95847543990759
263 20.5069,-99.2139 366798.0 17150.0 22.2461,-98.4666 2014_8_8 76.99549854227405
264 19.1889,-99.1647 350439.0 14850.0 18.6956,-96.7514 2014_8_8 84.95490909090908
265 21.0241,-100.4448 140621.0 5544.0 20.5841,-101.1856 2014_8_8 91.31233766233768
266 19.0728,-103.88 1211473.0 48150.0 16.7932,-96.8797 2014_8_8 90.57742056074768
267 20.6267,-100.7575 421380.0 15901.0 18.9401,-98.0219 2014_8_8 95.4007924029935
268 16.8454,-99.0587 1190986.0 52211.0 24.1904,-98.5691 2014_8_8 82.11966060791787
269 20.5367,-101.1488 865833.0 30969.0 18.0268,-94.6811 2014_8_8 100.64899738448126
270 17.7847,-92.8264 405950.0 19839.0 15.9256,-92.0639 2014_8_8 73.66399516104644
271 20.6667,-97.8167 88770.0 6754.0 20.505,-97.32 2014_8_8 47.31596091205212
272 19.5194,-98.3597 552601.0 20621.0 16.6914,-99.5923 2014_8_8 96.47270258474371
273 24.8746,-105.3573 1795329.0 71563.0 32.3694,-115.1446 2014_8_8 90.31460950491177
274 19.3903,-96.6726 536911.0 21541.0 18.1691,-93.11 2014_8_8 89.73026321897775
275 19.4715,-99.4744 1540986.0 62563.0 29.4433,-106.3486 2014_8_8 88.6714128158816
276 19.8311,-97.3694 728662.0 35607.0 24.7079,-98.7814 2014_8_8 73.67043558850787
277 22.45,-103.222 1436119.0 54689.0 17.9869,-92.9303 2014_8_8 94.53506920953026
278 18.2501,-93.1639 1424388.0 55113.0 19.162,-103.9257 2014_8_8 93.04151107724131
279 20.5089,-100.1492 1064540.0 39333.0 16.8688,-92.8981 2014_8_8 97.43330028220579
280 22.5547,-102.1475 571597.0 23799.0 19.2787,-99.2272 2014_8_8 86.46368334803984
281 18.1011,-96.797 778142.0 30055.0 19.7828,-101.7656 2014_8_8 93.20616203626685
282 20.97,-100.9303 2406412.0 94297.0 32.3072,-115.3256 2014_8_8 91.87018887133208
283 19.883,-97.1793 1311304.0 52814.0 26.9986,-101.7381 2014_8_8 89.38339076759951
284 26.95,-109.7656 1608329.0 63202.0 19.5451,-98.8899 2014_8_8 91.6107781399323
285 19.0641,-103.845 425344.0 20290.0 20.5772,-101.1581 2014_8_8 75.46763923114835
286 20.965,-101.4858 516260.0 25913.0 23.8167,-99.0 2014_8_8 71.72214718481071
287 21.1257,-102.4063 832121.0 31871.0 18.1978,-96.9433 2014_8_8 93.99251984562768
288 27.0613,-109.8043 2061796.0 79356.0 18.7281,-95.7572 2014_8_8 93.53376682292452
289 19.0317,-104.3322 1279872.0 53387.0 17.6197,-95.9374 2014_8_8 86.3045160806938
290 19.3175,-97.7449 640488.0 26897.0 17.2141,-100.1953 2014_8_8 85.72542662750494
291 31.7303,-116.5542 2090463.0 72313.0 28.2481,-101.061 2014_8_8 104.07073140375866
292 16.0683,-96.1969 1312486.0 59707.0 19.3103,-103.6364 2014_8_8 79.13560554038891
293 20.4305,-97.3818 2016555.0 103176.0 24.5121,-110.9833 2014_8_8 70.36130495464062
294 25.1278,-100.805 810626.0 33758.0 19.4115,-99.3856 2014_8_8 86.44628236269921
295 27.5732,-99.5359 561546.0 23115.0 23.6349,-99.9599 2014_8_8 87.45687216093447
296 20.5989,-102.3731 122018.0 6721.0 20.6483,-103.0778 2014_8_8 65.35705996131529
297 25.3358,-108.1807 2132004.0 79651.0 17.592,-92.9801 2014_8_8 96.36055291207892
298 18.2352,-99.6785 557310.0 24128.0 18.6272,-96.2311 2014_8_8 83.1530172413793
299 30.8542,-113.0042 3166738.0 124090.0 16.3596,-92.8879 2014_8_8 91.87087436537995
300 19.4542,-101.1911 336171.0 15789.0 20.5141,-103.238 2014_8_8 76.64928747862436
301 20.2298,-98.7023 880454.0 38189.0 24.0239,-103.9134 2014_8_8 82.99862264002724
302 21.0606,-101.6378 2408329.0 93206.0 31.4225,-114.9991 2014_8_8 93.01959530502329
303 17.9741,-98.7638 693483.0 30794.0 22.4148,-101.1734 2014_8_8 81.07224784048843
304 18.9932,-101.5782 397998.0 22179.0 19.8294,-99.2174 2014_8_8 64.6013255782497
305 20.1771,-100.7394 494303.0 21299.0 19.0311,-103.827 2014_8_8 83.54809145969294
306 17.0556,-99.7394 655175.0 26272.0 18.8233,-96.7858 2014_8_8 89.7773294762485
307 19.2081,-103.5203 651044.0 27175.0 19.3667,-99.2 2014_8_8 86.24685924563019
308 19.5085,-99.49 581702.0 24752.0 16.7419,-96.7128 2014_8_8 84.60436328377506
309 18.8222,-96.0944 1086051.0 42420.0 19.0728,-103.88 2014_8_8 92.1684016973126
310 17.8321,-92.9613 1251595.0 45848.0 20.0042,-102.7197 2014_8_8 98.27564997382656
311 25.5756,-108.857 1196701.0 47326.0 20.533,-100.6816 2014_8_8 91.03079913789459
312 16.0903,-92.4476 2276481.0 89894.0 25.3292,-107.8787 2014_8_8 91.16661401205864
313 23.7681,-98.889 825345.0 37434.0 19.0069,-96.8694 2014_8_8 79.37281615643533
314 20.9553,-101.2637 816097.0 33493.0 17.7397,-96.2697 2014_8_8 87.71830531752904
315 19.849,-101.4737 651253.0 23995.0 18.6956,-96.7514 2014_8_8 97.70830589706188
316 16.3911,-94.4632 1401359.0 60057.0 25.1556,-99.9592 2014_8_8 84.00173834856886
317 19.2166,-99.1785 1566887.0 62223.0 20.1408,-87.4615 2014_8_8 90.65447181910228
318 22.6,-102.4167 977014.0 37328.0 19.1175,-96.6339 2014_8_8 94.22552507501072
319 20.2288,-101.0181 325879.0 12631.0 20.5007,-103.2698 2014_8_8 92.87977198954952
320 20.6972,-102.8542 816614.0 31904.0 19.9277,-97.2833 2014_8_8 92.1455115346038
321 21.1489,-89.1031 954577.0 39498.0 18.3687,-95.5293 2014_8_8 87.00382804192621
322 20.5358,-100.1245 432517.0 19323.0 18.6389,-100.8714 2014_8_8 80.58071727992548
323 19.5796,-99.6373 78401.0 4864.0 19.4508,-99.2689 2014_8_8 58.027055921052636
324 19.2855,-98.3317 815142.0 32173.0 19.0375,-104.0044 2014_8_8 91.21036894290243
325 19.5493,-96.654 716462.0 29434.0 16.9836,-99.2375 2014_8_8 87.62870150166475
326 19.8252,-99.1367 931966.0 36786.0 16.4425,-92.8128 2014_8_8 91.2052846191486
327 19.1368,-99.292 632226.0 28774.0 22.6433,-98.1444 2014_8_8 79.09965941474942
328 18.9206,-102.7492 310064.0 20583.0 20.8298,-102.5059 2014_8_8 54.23069523393092
329 19.2394,-103.7655 2439233.0 100795.0 31.8685,-116.0491 2014_8_8 87.11978570365594
330 22.5152,-100.5942 359574.0 15153.0 20.5174,-101.314 2014_8_8 85.42641061176005
331 20.8667,-89.25 564627.0 23491.0 18.1997,-92.8225 2014_8_8 86.52918990251587
332 19.055,-104.2278 2074532.0 80680.0 20.9274,-89.4417 2014_8_8 92.56711948438274
333 21.6421,-99.6031 2631790.0 101352.0 32.285,-116.9925 2014_8_8 93.48058252427185
334 20.3469,-101.7764 585157.0 22697.0 18.3265,-99.3734 2014_8_8 92.81249504339779
335 20.8232,-103.285 940882.0 37142.0 25.9147,-109.1605 2014_8_8 91.19528296806853
336 20.3231,-101.6757 475547.0 22566.0 20.9226,-104.8756 2014_8_8 75.86498271736241
337 22.6,-99.6333 799575.0 32931.0 21.4181,-105.1793 2014_8_8 87.40912817709757
338 25.7046,-100.2409 1013032.0 43534.0 19.1152,-103.9838 2014_8_8 83.77165433913723
339 23.628,-99.3034 982481.0 40518.0 18.14,-100.5718 2014_8_8 87.29284762327855
340 20.2505,-103.2602 534351.0 23057.0 20.7531,-99.3312 2014_8_8 83.43078457735176
341 20.511,-103.3946 309680.0 14553.0 22.6582,-102.9296 2014_8_8 76.60606060606061
342 19.5184,-97.3333 113088.0 8887.0 19.765,-97.932 2014_8_8 45.81037470462474
343 16.3419,-96.4825 1176418.0 48105.0 20.2879,-103.6589 2014_8_8 88.03876520112254
344 18.7019,-98.3971 352892.0 14926.0 19.616,-100.0594 2014_8_8 85.11397561302425
345 28.6,-110.567 2882930.0 116430.0 18.1923,-90.9411 2014_8_8 89.1398093274929
346 18.1515,-96.7168 924378.0 39402.0 23.0978,-99.1131 2014_8_8 84.45664687071722
347 25.3317,-105.8246 1062388.0 43315.0 19.8236,-99.2889 2014_8_8 88.29728269652546
348 19.188,-96.7818 505607.0 22174.0 18.8346,-99.8832 2014_8_8 82.08646162171912
349 21.1805,-88.8595 1253380.0 52038.0 16.8327,-96.6824 2014_8_8 86.70909719820132
350 19.3587,-99.2033 1700751.0 90654.0 23.9459,-110.5823 2014_8_8 67.5392547488252
351 25.4407,-100.0184 1568499.0 66951.0 16.6009,-92.7982 2014_8_8 84.33923914504638
352 19.2425,-99.0927 61912.0 3480.0 19.6363,-99.2007 2014_8_8 64.04689655172413
353 21.9725,-102.3494 1484005.0 63557.0 28.3868,-110.9382 2014_8_8 84.05711408656795
354 17.7941,-100.2435 697136.0 35431.0 20.9062,-101.4437 2014_8_8 70.83315740453274
355 20.3671,-101.8983 1850488.0 71261.0 19.6158,-88.6108 2014_8_8 93.48390844922187
356 20.0583,-98.775 633096.0 27764.0 24.069,-98.9525 2014_8_8 82.08995821927677
357 19.3954,-99.3808 262170.0 11438.0 19.6025,-101.0181 2014_8_8 82.51547473334499
358 19.6289,-98.9744 342872.0 17131.0 19.9779,-96.8805 2014_8_8 72.05295662833458
359 25.8824,-108.3463 1415092.0 55297.0 19.4592,-99.0929 2014_8_8 92.12671935186356
360 19.37,-97.771 537308.0 22383.0 20.1059,-101.9078 2014_8_8 86.41865701648571
361 21.5833,-100.5333 675378.0 30825.0 19.3622,-104.0917 2014_8_8 78.87626277372263
362 16.4702,-96.7306 723641.0 31622.0 18.9397,-100.2481 2014_8_8 82.38275883878312
363 16.895,-96.4676 1082362.0 41086.0 20.4389,-103.5389 2014_8_8 94.83773548167255
364 20.1408,-87.4615 831625.0 34457.0 17.9547,-93.2417 2014_8_8 86.88655425602924
365 19.8252,-99.1367 98202.0 4579.0 19.1958,-98.8713 2014_8_8 77.20620222756061
366 21.0617,-101.3858 950508.0 40465.0 26.0872,-105.5664 2014_8_8 84.56267885827259
367 27.5905,-101.2537 1318328.0 52829.0 25.7304,-108.3466 2014_8_8 89.83665789623123
368 21.0516,-105.1833 815943.0 32564.0 19.4699,-98.9146 2014_8_8 90.2037464684928
369 24.2143,-98.6163 825301.0 33332.0 19.35,-99.1333 2014_8_8 89.1360734429377
370 27.0533,-109.5475 1273069.0 52072.0 19.1119,-103.9132 2014_8_8 88.01368105699802
371 19.0113,-103.7021 1158470.0 49185.0 27.0901,-101.71 2014_8_8 84.79194876486733
372 19.3189,-101.9592 951128.0 35754.0 17.9586,-94.8718 2014_8_8 95.76720926329922
373 17.7592,-95.4844 520807.0 27367.0 16.0226,-92.7852 2014_8_8 68.50970877334015
374 19.4833,-99.1 179860.0 7054.0 20.4288,-100.1375 2014_8_8 91.79132407144884
375 20.3707,-102.663 290399.0 13256.0 19.65,-100.526 2014_8_8 78.86514785757394
376 18.0306,-94.7633 1244976.0 47901.0 18.9547,-103.7821 2014_8_8 93.56618024675896
377 19.2025,-99.1025 793382.0 32268.0 24.9667,-100.55 2014_8_8 88.51416883599852
378 20.5369,-101.2266 443039.0 20067.0 18.9665,-104.0555 2014_8_8 79.480759455823
379 16.6443,-99.1303 1051275.0 41937.0 20.492,-104.0234 2014_8_8 90.2446526933257
380 31.1418,-111.7541 1521006.0 61949.0 21.2015,-105.0851 2014_8_8 88.38918465189106
381 17.2863,-99.5675 629513.0 26030.0 20.9873,-100.918 2014_8_8 87.0628812908183
382 16.9239,-96.8624 557479.0 31588.0 16.9773,-99.5142 2014_8_8 63.53439280739522
383 18.3668,-95.7963 185956.0 8626.0 18.1371,-96.8061 2014_8_8 77.60741942963135
384 23.6877,-97.832 396450.0 18512.0 25.3042,-99.9654 2014_8_8 77.09701815038893
385 28.8751,-106.4027 730766.0 30506.0 24.2357,-103.7029 2014_8_8 86.23738280993904
386 24.1703,-104.5577 2355070.0 90303.0 20.8039,-88.2015 2014_8_8 93.88671472708548
387 32.0783,-116.5426 2018356.0 78626.0 28.0186,-102.751 2014_8_8 92.4132170020095
388 32.4983,-117.1207 2339677.0 92133.0 20.7975,-102.6042 2014_8_8 91.42041613754029
389 18.0541,-93.1961 761228.0 29855.0 19.3806,-99.339 2014_8_8 91.79101658013737
390 19.2941,-101.4574 297071.0 14724.0 20.7478,-102.7261 2014_8_8 72.63349633251833
391 19.3996,-99.4504 79971.0 4890.0 19.2244,-99.2019 2014_8_8 58.874355828220864
392 20.3077,-103.756 655667.0 27890.0 18.7883,-99.1665 2014_8_8 84.63252778773753
393 27.5732,-99.5359 2095315.0 70834.0 32.4875,-116.8267 2014_8_8 106.49030126775278
394 24.2028,-107.1728 1530873.0 59079.0 19.1329,-96.6092 2014_8_8 93.2842939115422
395 19.042,-103.9333 1096553.0 43086.0 18.5539,-96.4201 2014_8_8 91.62119481966299
396 21.3694,-105.0656 1105113.0 46481.0 19.8644,-96.7791 2014_8_8 85.59210860351543
397 26.7511,-101.3736 907797.0 37579.0 20.0497,-100.8783 2014_8_8 86.96530509060909
398 18.3227,-99.5508 796616.0 34570.0 19.1523,-104.0376 2014_8_8 82.95682962105872
399 21.3317,-101.8972 843738.0 44142.0 24.5707,-105.8875 2014_8_8 68.81103710751665
400 19.2974,-97.6778 682679.0 27567.0 17.932,-92.5955 2014_8_8 89.15168135814562
401 26.6061,-101.4706 881203.0 40335.0 20.4828,-102.2419 2014_8_8 78.64957976943101
402 20.5758,-103.2731 1013272.0 36317.0 18.2136,-95.4561 2014_8_8 100.4427458215161
403 17.3122,-96.5317 534270.0 25656.0 17.05,-98.6744 2014_8_8 74.96772684752105
404 23.3896,-100.9486 799931.0 40584.0 19.8919,-97.0264 2014_8_8 70.95780603193377
405 20.1104,-100.6429 143491.0 7289.0 20.6246,-101.2833 2014_8_8 70.86947455069283
406 25.4625,-99.9154 1086085.0 45549.0 18.69,-98.1672 2014_8_8 85.83955739972339
407 17.2867,-99.0866 532535.0 24405.0 20.5562,-100.1244 2014_8_8 78.55464044253226
408 25.0515,-99.8375 657321.0 27820.0 21.9644,-102.3192 2014_8_8 85.05951114306255
409 16.1493,-97.7091 3329590.0 130998.0 32.3084,-115.9107 2014_8_8 91.5015801767966
410 20.7583,-102.605 780642.0 32627.0 25.589,-100.0016 2014_8_8 86.13452661905785
411 19.8234,-97.8183 249245.0 14336.0 20.6646,-97.8669 2014_8_8 62.58942522321429
412 20.3381,-102.1747 283995.0 11559.0 20.7411,-99.7847 2014_8_8 88.44900077861408
413 16.4176,-98.5188 498660.0 25836.0 17.2723,-96.4178 2014_8_8 69.4835113794705
414 17.3884,-99.5188 424624.0 17301.0 19.1618,-97.9214 2014_8_8 88.35595630310387
415 26.0908,-100.3104 333898.0 15256.0 24.065,-99.3505 2014_8_8 78.7908232826429
416 19.5105,-99.234 35098.0 2745.0 19.57,-99.3975 2014_8_8 46.03016393442622
417 26.8587,-101.3976 2286976.0 80114.0 31.8856,-116.4323 2014_8_8 102.76747634620665
418 28.7628,-110.6149 782924.0 57178.0 24.2338,-110.22 2014_8_8 49.2938962538039
419 25.0562,-99.7005 1246256.0 54732.0 17.422,-96.5311 2014_8_8 81.9725498794124
420 17.5435,-96.2639 381789.0 22727.0 17.3008,-97.0819 2014_8_8 60.476103313239754
421 17.3741,-98.4915 876461.0 37424.0 19.2697,-102.5553 2014_8_8 84.31112654980761
422 17.252,-98.5028 1426731.0 58346.0 25.8624,-99.4112 2014_8_8 88.03056936208138
423 22.4759,-100.8595 1497301.0 56426.0 18.5689,-90.7307 2014_8_8 95.5283663559352
424 22.4469,-98.0548 1019751.0 50469.0 22.9103,-104.6016 2014_8_8 72.73977292991738
425 20.5645,-101.2871 656392.0 26781.0 24.0224,-99.2634 2014_8_8 88.23461409208021
426 16.8842,-99.8 1427463.0 55229.0 25.7017,-102.9753 2014_8_8 93.04652990276848
427 25.8333,-112.0833 1629662.0 91654.0 19.3656,-103.7236 2014_8_8 64.0101163069806
428 27.4791,-102.0978 941107.0 45878.0 22.3332,-105.2843 2014_8_8 73.84770914163651
429 14.6364,-92.2189 1715052.0 64709.0 20.2847,-103.6013 2014_8_8 95.41465947549801
430 19.3033,-103.7164 960093.0 40701.0 25.6638,-101.7992 2014_8_8 84.92014446819488
431 25.8694,-109.1048 994267.0 42496.0 22.7936,-103.1731 2014_8_8 84.2281908885542
432 19.5489,-102.46 647882.0 29884.0 21.5406,-98.9753 2014_8_8 78.04762414670058
433 19.2907,-100.0272 667274.0 29766.0 19.4929,-104.0119 2014_8_8 80.70235839548478
434 20.6072,-100.4472 1507828.0 57478.0 20.8982,-89.741 2014_8_8 94.43927763666099
435 19.3768,-99.7607 1196794.0 49701.0 28.3957,-101.2735 2014_8_8 86.68755960644657
436 19.9636,-101.8339 1436325.0 53739.0 18.5696,-90.5135 2014_8_8 96.22006364093114
437 23.5921,-99.0915 836486.0 36452.0 18.75,-96.9381 2014_8_8 82.61136837484914
438 22.2164,-99.2017 960664.0 40066.0 16.6848,-99.1763 2014_8_8 86.31733639494833
439 17.9689,-101.3144 541265.0 25227.0 20.7492,-101.2589 2014_8_8 77.24081341419908
440 21.6858,-102.4514 601133.0 24024.0 18.8908,-100.1646 2014_8_8 90.07987012987013
441 18.7406,-98.9872 1944896.0 81556.0 28.2139,-110.2433 2014_8_8 85.85052724508314
442 23.7365,-100.0927 647647.0 30435.0 20.4421,-103.9677 2014_8_8 76.60684080827996
443 19.0764,-96.5778 540164.0 25623.0 17.382,-98.6973 2014_8_8 75.89237794169301
444 25.29,-107.9214 1829181.0 70361.0 18.385,-95.5517 2014_8_8 93.58951123491708
445 27.457,-100.9828 1388705.0 56229.0 17.9856,-102.0917 2014_8_8 88.91031318358854
446 19.0996,-102.2882 355945.0 15751.0 19.942,-99.9172 2014_8_8 81.35369182909021
447 17.2662,-97.0118 2127467.0 105717.0 23.9459,-110.5823 2014_8_8 72.4470160901274
448 24.0122,-100.3807 699384.0 28381.0 19.3527,-100.2854 2014_8_8 88.7136605475494
449 20.7956,-101.5081 779722.0 29955.0 18.0961,-96.0619 2014_8_8 93.70720080120181
450 22.9167,-98.05 601305.0 27155.0 19.4326,-97.7731 2014_8_8 79.716368992819
451 21.3173,-102.8346 889751.0 37855.0 26.2834,-98.7643 2014_8_8 84.61507330603621
452 18.9781,-100.5347 2867792.0 114365.0 32.4193,-116.991 2014_8_8 90.27282123027149
453 18.1137,-93.0532 1038583.0 39065.0 19.6915,-101.2041 2014_8_8 95.70968386023294
454 27.3339,-109.9333 923843.0 38876.0 21.5036,-105.159 2014_8_8 85.54981994032308
455 20.5592,-103.4308 841868.0 35556.0 17.5562,-99.8445 2014_8_8 85.23806952413095
456 25.7194,-102.924 942306.0 41886.0 20.8041,-104.7963 2014_8_8 80.98891276321443
457 20.8405,-101.4416 542410.0 22230.0 20.7544,-105.1519 2014_8_8 87.83967611336033
458 20.4686,-101.5364 208270.0 8999.0 20.675,-103.0084 2014_8_8 83.31725747305256
459 25.6571,-100.1642 940427.0 40329.0 19.5203,-103.3378 2014_8_8 83.94795804507922
460 18.0424,-90.3905 3843409.0 153584.0 32.0939,-115.9376 2014_8_8 90.08928273778518
461 21.6641,-102.372 941720.0 35973.0 16.8357,-99.2868 2014_8_8 94.24268201150863
462 22.135,-98.7147 982886.0 44036.0 16.9303,-95.9161 2014_8_8 80.3522027432101
463 18.0639,-95.6183 954512.0 38489.0 17.7516,-101.6292 2014_8_8 89.27857829509729
464 20.767,-104.3672 954560.0 43414.0 25.1655,-99.5979 2014_8_8 79.15455843737044
465 20.9523,-105.341 1054420.0 44093.0 25.9406,-100.1808 2014_8_8 86.08876692445513
466 19.7034,-97.5805 255284.0 10138.0 19.5,-99.1167 2014_8_8 90.65125271256659
467 24.9833,-107.5167 1251349.0 52054.0 27.6681,-101.5223 2014_8_8 86.54198332500864
468 16.0756,-93.3903 978553.0 40360.0 20.18,-99.0371 2014_8_8 87.28421209117937
469 19.2899,-99.5124 436264.0 20338.0 21.8833,-100.3167 2014_8_8 77.22246041892025
470 20.2995,-103.2555 759361.0 29857.0 24.9242,-107.6864 2014_8_8 91.55975483136282
471 18.7544,-100.5064 838255.0 35699.0 23.4231,-102.5438 2014_8_8 84.53228381747391
472 22.7936,-103.1731 189693.0 9825.0 22.0242,-102.307 2014_8_8 69.50583206106872
473 20.4247,-99.3677 105043.0 7915.0 19.6861,-99.3129 2014_8_8 47.77698041692988
474 19.864,-98.5656 692890.0 26907.0 23.1611,-102.8848 2014_8_8 92.70464934775336
475 20.0447,-98.5356 193805.0 9099.0 19.3639,-99.7327 2014_8_8 76.67853610286845
476 18.1435,-92.7816 1104990.0 42041.0 17.4754,-99.2353 2014_8_8 94.62106039342548
477 19.1839,-103.8152 460718.0 20045.0 21.9184,-101.9654 2014_8_8 82.74306809678225
478 22.6,-102.3197 1051815.0 40241.0 16.9997,-96.7078 2014_8_8 94.09641907507269
479 27.9086,-101.3276 2046120.0 79802.0 16.3087,-92.9738 2014_8_8 92.30385203378357
480 18.807,-96.4924 669003.0 24852.0 20.818,-101.2373 2014_8_8 96.91014002897153
481 25.9759,-98.132 846319.0 38769.0 20.6833,-101.3667 2014_8_8 78.58723206685755
482 15.6569,-92.4583 1383203.0 56874.0 19.7779,-100.3599 2014_8_8 87.55372929633928
483 21.0606,-100.4136 263600.0 10293.0 19.3667,-99.2 2014_8_8 92.1946954240746
484 17.6805,-91.9521 1587421.0 60901.0 19.0112,-103.9418 2014_8_8 93.83615375773796
485 19.0593,-103.9798 1026260.0 43387.0 25.7483,-100.3506 2014_8_8 85.15306428192777
486 25.1753,-111.2394 2007229.0 105275.0 20.2771,-98.4318 2014_8_8 68.6395098551413
487 20.3278,-103.5019 411690.0 17110.0 20.8218,-100.4072 2014_8_8 86.62092343658679
488 18.3977,-91.1626 1214502.0 48979.0 18.893,-100.4095 2014_8_8 89.26697564262236
489 26.7818,-109.2359 1125675.0 43785.0 21.1378,-102.4578 2014_8_8 92.5529290853032
490 20.0486,-100.8319 2524901.0 100750.0 32.0939,-115.9376 2014_8_8 90.2197875930521
491 20.6025,-97.4767 807346.0 38143.0 18.609,-102.6834 2014_8_8 76.19866292635608
492 26.6436,-101.3138 1730220.0 76306.0 29.5258,-112.4075 2014_8_8 81.62912483946218
493 15.1486,-92.5792 1750473.0 70454.0 21.9969,-103.6042 2014_8_8 89.44421608425354
494 18.3228,-97.1363 373363.0 14407.0 19.7891,-99.3796 2014_8_8 93.29539807038245
495 18.0592,-90.7978 1536402.0 58606.0 20.0375,-102.7139 2014_8_8 94.37680783537522
496 21.9725,-102.3114 650211.0 25493.0 18.6461,-99.1556 2014_8_8 91.81969952535992
497 18.9639,-96.8167 338150.0 13504.0 19.5167,-99.1333 2014_8_8 90.1466232227488
498 18.867,-88.8436 1929143.0 81365.0 24.6992,-98.9878 2014_8_8 85.35506421680084
499 26.0333,-108.7833 1726687.0 70408.0 17.375,-99.2808 2014_8_8 88.28646176570845
500 20.0539,-98.7564 2962352.0 115763.0 31.3034,-115.9994 2014_8_8 92.12327945889446
501 27.6466,-101.1332 1961834.0 76110.0 16.7189,-92.9314 2014_8_8 92.7946708711076
502 29.0204,-106.4206 1813607.0 69369.0 18.6956,-96.7514 2014_8_8 94.11963845521774
503 32.013,-116.083 3066405.0 125871.0 19.8532,-96.8722 2014_8_8 87.70136091712943
504 20.159,-103.5087 2259044.0 91666.0 32.0499,-115.9773 2014_8_8 88.71946414155741
505 20.2296,-99.0292 141087.0 8469.0 19.6368,-98.1665 2014_8_8 59.97321997874602
506 21.0703,-102.6567 550283.0 28616.0 24.5527,-102.6553 2014_8_8 69.2276628459603
507 19.3903,-98.1775 843967.0 36206.0 16.2611,-93.08 2014_8_8 83.91651107551235
508 19.8252,-99.1367 707626.0 30829.0 24.0978,-98.7175 2014_8_8 82.63172986473775
509 24.3358,-98.2988 462464.0 19856.0 22.2434,-100.7092 2014_8_8 83.84721998388397
510 24.5738,-104.7854 1021935.0 40286.0 19.546,-98.4106 2014_8_8 91.3212033957206
511 19.0739,-102.5414 1065666.0 51145.0 17.0492,-97.8228 2014_8_8 75.01021800762538
512 19.5406,-101.9814 575237.0 23524.0 19.4334,-97.8179 2014_8_8 88.0315082468968
513 21.2915,-100.5578 507066.0 21635.0 17.9141,-99.629 2014_8_8 84.37428241275711
514 18.8501,-97.8208 289500.0 13103.0 18.9272,-99.6172 2014_8_8 79.53903686178738
515 23.3371,-109.6928 679514.0 54498.0 27.6273,-110.139 2014_8_8 44.886975668831894
516 26.9783,-101.4549 1178001.0 44883.0 18.9537,-97.8936 2014_8_8 94.48574293162224
517 19.6697,-100.6514 683713.0 30432.0 17.0643,-97.8011 2014_8_8 80.88087539432176
518 23.2391,-102.5785 1691058.0 68307.0 30.7311,-112.3946 2014_8_8 89.12423031314506
519 25.3629,-99.9909 1536725.0 65290.0 16.6067,-93.5619 2014_8_8 84.73288405575127
520 19.285,-99.7348 1054339.0 46322.0 16.1791,-92.7569 2014_8_8 81.93990760329865
521 27.6746,-101.1165 1101000.0 44070.0 22.1875,-105.325 2014_8_8 89.93873383253914
522 17.5602,-99.1801 359689.0 15085.0 19.3406,-99.8424 2014_8_8 85.83893934371892
523 23.3055,-100.3721 704545.0 33227.0 18.9637,-100.5452 2014_8_8 76.33436662954827
524 19.5547,-96.9606 1194936.0 47919.0 21.1489,-89.1031 2014_8_8 89.77168972641333
525 18.072,-93.3725 19202.0 1586.0 18.132,-93.2357 2014_8_8 43.585876418663304
526 16.1436,-97.3561 1450702.0 58018.0 21.5831,-104.6994 2014_8_8 90.01563652659522
527 19.7052,-99.4323 195309.0 9305.0 18.5747,-99.2644 2014_8_8 75.56285867813004
528 26.6859,-101.923 1000634.0 45014.0 20.329,-100.7146 2014_8_8 80.02582307726485
529 16.1881,-97.9718 3045555.0 150078.0 29.7226,-115.1325 2014_8_8 73.05533122776157
530 19.4082,-99.3937 2542878.0 98255.0 32.3633,-115.1151 2014_8_8 93.16941427917156
531 22.5588,-101.0726 562207.0 22457.0 19.1569,-98.4533 2014_8_8 90.12535957607874
532 20.4718,-100.957 434747.0 16262.0 18.7997,-98.4606 2014_8_8 96.24211044152013
533 19.0121,-104.093 842680.0 49436.0 17.8796,-100.1246 2014_8_8 61.36515899344607
534 19.5017,-101.4781 901715.0 35784.0 24.2582,-107.1158 2014_8_8 90.71579476861167
535 25.4625,-99.9154 1471681.0 56965.0 27.1103,-109.4383 2014_8_8 93.00538225226015
536 25.0234,-100.6389 619648.0 25331.0 20.3963,-99.9559 2014_8_8 88.06335320358454
537 19.3639,-99.7327 223882.0 12354.0 18.2363,-100.2909 2014_8_8 65.24001942690627
538 19.0813,-96.8669 739793.0 28961.0 17.0214,-100.2342 2014_8_8 91.9600428162011
539 18.7503,-99.0402 1166791.0 46667.0 27.1167,-101.5 2014_8_8 90.00894850751068
540 16.4822,-97.2702 1252257.0 54424.0 20.3704,-103.9528 2014_8_8 82.83340438042042
541 21.2395,-98.9439 1121717.0 44379.0 17.8618,-92.7841 2014_8_8 90.99306428716284
542 20.6044,-100.8564 266945.0 11363.0 21.9496,-102.3129 2014_8_8 84.57291208307666
543 17.9041,-92.8086 905606.0 33132.0 20.2422,-99.8638 2014_8_8 98.39978268743212
544 20.7793,-103.2506 347476.0 14102.0 19.875,-100.9358 2014_8_8 88.70469436959297
545 18.9833,-96.0781 971499.0 43860.0 25.5123,-100.0083 2014_8_8 79.74
546 19.3667,-99.2 300628.0 14307.0 19.3278,-97.0347 2014_8_8 75.64554413923256
547 16.9375,-96.6115 840515.0 31807.0 20.6948,-101.7104 2014_8_8 95.13170056905712
548 19.9328,-101.9633 815538.0 32307.0 24.1667,-107.2228 2014_8_8 90.87618163246357
549 18.5689,-90.7307 1130615.0 42964.0 18.9709,-99.2353 2014_8_8 94.73545293734293
550 18.8882,-100.1915 70756.0 3503.0 19.0655,-100.0177 2014_8_8 72.71527262346561
551 18.9191,-98.0492 694403.0 26455.0 22.1619,-102.1915 2014_8_8 94.49445473445472
552 26.3394,-99.8747 1092116.0 45036.0 18.7045,-99.7583 2014_8_8 87.29944044764189
553 19.3167,-101.8658 2452294.0 96092.0 32.5581,-116.3859 2014_8_8 91.87298006077506
554 16.7715,-99.6474 1065896.0 41911.0 18.1695,-93.6507 2014_8_8 91.55652692610529
555 20.2253,-98.063 846666.0 35121.0 22.3144,-103.5167 2014_8_8 86.7856154437516
556 21.6669,-98.8791 705141.0 30616.0 20.3077,-103.756 2014_8_8 82.91441076561276
557 19.765,-97.932 570255.0 23639.0 19.4639,-102.1165 2014_8_8 86.84453657092095
558 28.3733,-100.8015 808480.0 34649.0 23.3318,-98.5767 2014_8_8 84.00034633034143
559 20.9361,-105.3667 1354826.0 53729.0 16.4056,-96.6627 2014_8_8 90.77730089895589
560 18.6758,-98.9581 534170.0 22491.0 19.1936,-101.8808 2014_8_8 85.50140056022407
561 18.6667,-101.5833 235224.0 13932.0 18.7867,-100.3075 2014_8_8 60.78139534883722
562 16.9978,-99.78 2209816.0 85224.0 29.0939,-111.007 2014_8_8 93.34621233455364
563 20.3544,-105.2583 1327498.0 58112.0 28.3868,-110.9382 2014_8_8 82.23762389867842
564 20.723,-103.5654 725572.0 28014.0 24.7289,-104.6367 2014_8_8 93.24120796744484
565 18.5108,-96.5326 244050.0 10800.0 19.1389,-98.1741 2014_8_8 81.35000000000002
566 25.5272,-105.943 1484968.0 64625.0 19.8061,-96.9768 2014_8_8 82.72162166344296
567 24.9663,-98.7327 471039.0 20013.0 25.6388,-102.5492 2014_8_8 84.73194423624645
568 19.2638,-99.3871 612165.0 25333.0 16.7888,-98.241 2014_8_8 86.99301306596139
569 26.5104,-99.1181 1079811.0 47475.0 19.4457,-96.5632 2014_8_8 81.8814028436019
570 25.3259,-99.8983 12226.0 1317.0 25.3756,-99.9639 2014_8_8 33.41958997722096
571 22.0197,-98.985 1356623.0 54331.0 25.6472,-108.6492 2014_8_8 89.89053763045038
572 20.0797,-96.9981 842711.0 33887.0 20.6022,-103.3998 2014_8_8 89.52576504264172
573 19.1835,-99.0308 1363441.0 55180.0 18.8333,-88.55 2014_8_8 88.95229430953245
574 20.6067,-100.4497 575965.0 24467.0 24.0633,-103.008 2014_8_8 84.74573915886704
575 20.533,-89.701 1794010.0 69281.0 22.418,-100.0567 2014_8_8 93.22088307039448
576 18.5676,-100.3368 853148.0 35196.0 17.4347,-94.9586 2014_8_8 87.26368905557449
577 28.6132,-106.1445 1068350.0 45650.0 21.8796,-103.9244 2014_8_8 84.25104052573931
578 16.9527,-98.6567 763340.0 35012.0 20.9832,-101.0275 2014_8_8 78.48806123614763
579 21.0733,-98.9544 738010.0 29973.0 17.1168,-96.7845 2014_8_8 88.64097687919127
580 20.6008,-103.6602 1233826.0 47857.0 16.3854,-95.7898 2014_8_8 92.81345675658736
581 32.0144,-116.7156 2247934.0 87109.0 23.1329,-103.2471 2014_8_8 92.90156470628752
582 18.8622,-98.9206 735875.0 29295.0 18.144,-93.3202 2014_8_8 90.43010752688171
583 31.9096,-116.4779 2903485.0 114442.0 20.1421,-98.5414 2014_8_8 91.33487705562644
584 22.5142,-98.0917 1288295.0 52677.0 18.5689,-90.7307 2014_8_8 88.0433965487784
585 19.3622,-104.0917 729312.0 31156.0 19.4667,-99.1542 2014_8_8 84.27022724354859
586 17.7766,-92.2444 964474.0 36517.0 20.5465,-98.5665 2014_8_8 95.08191801078951
587 21.2628,-98.3722 490859.0 21176.0 19.6792,-100.5433 2014_8_8 83.44788439743105
588 19.4058,-102.4026 1092166.0 50139.0 16.9736,-95.7347 2014_8_8 78.41795009872554
589 19.4326,-101.6363 1351873.0 53718.0 27.1169,-109.5819 2014_8_8 90.59798950072602
590 19.7188,-98.7776 505508.0 19723.0 20.6049,-102.4568 2014_8_8 92.26937078537749
591 19.5221,-97.9779 894826.0 40618.0 25.3073,-99.9534 2014_8_8 79.30901570732188
592 20.9436,-100.7147 393939.0 14611.0 18.9889,-98.3016 2014_8_8 97.06251454383684
593 29.7135,-110.1631 1407683.0 67315.0 24.7814,-105.9742 2014_8_8 75.28275718636263
594 21.4678,-99.8286 726391.0 31359.0 19.0705,-96.9416 2014_8_8 83.38938103893621
595 21.0244,-100.9126 480345.0 20579.0 20.8976,-98.5844 2014_8_8 84.02944749501921
596 19.6203,-96.9256 1093059.0 43169.0 23.7822,-104.2284 2014_8_8 91.15366119205912
597 19.4823,-99.3804 306498.0 14220.0 20.9483,-98.6408 2014_8_8 77.59443037974685
598 20.5132,-103.9684 402176.0 17746.0 21.4787,-101.1391 2014_8_8 81.58647582553814
599 18.8646,-96.5225 1064287.0 41214.0 18.8937,-103.8559 2014_8_8 92.96436162469065
600 23.9819,-104.7036 1080031.0 45980.0 18.4475,-100.3489 2014_8_8 84.56093083949544
601 20.5919,-103.3993 287718.0 12687.0 19.5342,-101.6436 2014_8_8 81.64142823362498
602 19.5956,-100.0223 410625.0 17303.0 20.5779,-103.1094 2014_8_8 85.43316187944288
603 19.8258,-98.4094 390283.0 14926.0 20.7984,-101.4504 2014_8_8 94.13230604314622
604 21.1572,-100.9675 571574.0 26406.0 17.8081,-99.4514 2014_8_8 77.92419904567143
605 19.6818,-98.9819 288253.0 11904.0 21.2675,-100.4811 2014_8_8 87.17328629032257
606 19.4221,-97.9674 543854.0 20951.0 22.2404,-101.0083 2014_8_8 93.45016466994416
607 22.5294,-102.9935 751001.0 30073.0 19.6217,-98.2885 2014_8_8 89.90136002394175
608 24.9205,-106.9549 1210801.0 49393.0 19.8529,-99.5914 2014_8_8 88.24901504261737
609 25.067,-99.7175 665362.0 28846.0 20.7311,-98.0148 2014_8_8 83.03762046730915
610 20.2633,-103.52 379600.0 15212.0 20.1639,-101.0347 2014_8_8 89.83434130949252
611 29.8333,-111.4833 2139243.0 87993.0 18.7613,-99.1038 2014_8_8 87.52144829702362
612 20.9434,-101.4615 482445.0 19101.0 19.0311,-103.827 2014_8_8 90.92728129417307
613 25.3721,-100.1103 750870.0 30978.0 21.0092,-101.5583 2014_8_8 87.25973271353867
614 18.2268,-93.1804 1961075.0 78121.0 25.7167,-105.2333 2014_8_8 90.37096299330528
615 19.569,-97.1644 177273.0 8994.0 19.546,-98.4106 2014_8_8 70.95650433622416
616 22.2284,-102.5612 361437.0 16608.0 20.1592,-101.0572 2014_8_8 78.34617052023124
617 25.6367,-100.1533 2285836.0 80478.0 32.3084,-115.9107 2014_8_8 102.251666293894
618 16.7077,-96.547 1530243.0 59948.0 26.9772,-101.4808 2014_8_8 91.89422165877092
619 20.5456,-103.3697 826443.0 31468.0 19.5312,-96.7838 2014_8_8 94.54667598830557
620 20.2755,-99.1811 801039.0 34154.0 25.031,-98.8535 2014_8_8 84.4334602096387
621 19.5049,-99.9812 862523.0 34104.0 18.3043,-93.371 2014_8_8 91.04746657283606
622 19.3487,-99.166 23985.0 2095.0 19.5167,-99.1333 2014_8_8 41.215274463007155
623 24.0594,-106.7003 909473.0 38288.0 20.3918,-100.7261 2014_8_8 85.51250522356874
624 21.1065,-104.3214 406088.0 18730.0 19.0914,-103.9638 2014_8_8 78.05215162840362
625 22.4844,-100.5515 952580.0 37136.0 17.2758,-96.5775 2014_8_8 92.34403274450668
626 16.2747,-92.7967 1485657.0 61412.0 22.0053,-102.3183 2014_8_8 87.08990425324042
627 18.9059,-101.2996 272736.0 17103.0 20.7071,-101.3019 2014_8_8 57.40803367830205
628 17.1853,-100.61 847137.0 40458.0 21.859,-102.6644 2014_8_8 75.37923772801425
629 17.1992,-98.8848 108230.0 11551.0 17.382,-98.6973 2014_8_8 33.73110553198857
630 19.2047,-103.6268 541549.0 23708.0 21.2689,-100.8639 2014_8_8 82.23284967099713
631 19.1687,-99.9028 828350.0 35550.0 25.1488,-100.4386 2014_8_8 83.88354430379745
632 25.1636,-105.2384 326230.0 15594.0 23.565,-103.2592 2014_8_8 75.31281262023856
633 19.4451,-99.1461 697378.0 27945.0 18.9936,-103.8375 2014_8_8 89.83935587761675
634 22.5336,-102.5628 532069.0 23215.0 19.3731,-101.9575 2014_8_8 82.50908464354943
635 16.9341,-96.7088 1006229.0 37313.0 20.6861,-103.0222 2014_8_8 97.08210007236084
636 24.1047,-98.6703 533610.0 24113.0 26.8572,-101.1987 2014_8_8 79.66640401443205
637 21.9982,-99.9344 1471550.0 57100.0 15.2819,-92.6292 2014_8_8 92.77723292469356
638 16.0553,-93.2717 767465.0 37454.0 16.1887,-98.1185 2014_8_8 73.76712767661665
639 25.0894,-98.2017 860653.0 35143.0 19.9662,-99.7735 2014_8_8 88.16409526790542
640 18.8219,-99.0939 874844.0 35794.0 21.8043,-105.3458 2014_8_8 87.98788623791697
641 19.3083,-88.7874 2370300.0 93505.0 24.5167,-103.9333 2014_8_8 91.25800759317684
642 25.0935,-108.0964 1012296.0 41137.0 18.9909,-104.0612 2014_8_8 88.5885115589372
643 22.2208,-103.0301 749296.0 30972.0 19.474,-99.4212 2014_8_8 87.09368461836495
644 25.1565,-107.8223 921139.0 36842.0 20.0042,-102.7197 2014_8_8 90.00869659627598
645 27.307,-110.1735 1668978.0 66080.0 19.5791,-99.3124 2014_8_8 90.92495157384987
646 23.9834,-105.4088 812593.0 34384.0 25.1329,-99.614 2014_8_8 85.07837366216846
647 15.2486,-92.3861 792237.0 31964.0 18.967,-96.8172 2014_8_8 89.22704292328869
648 19.1931,-103.7855 866201.0 46586.0 16.6311,-98.83 2014_8_8 66.93692525651484
649 19.6697,-101.3603 358612.0 16186.0 21.2503,-102.7823 2014_8_8 79.76048436920796
650 17.0839,-99.7117 1277410.0 49730.0 18.2897,-91.4983 2014_8_8 92.47287351699177
651 27.445,-110.2341 372798.0 17067.0 29.7135,-110.1631 2014_8_8 78.63554227456495
652 16.4724,-93.5883 1227885.0 52940.0 22.7089,-98.9592 2014_8_8 83.49803551190027
653 18.6669,-98.7311 905277.0 38145.0 16.5144,-93.2735 2014_8_8 85.43707432166731
654 19.3,-99.15 64588.0 3889.0 19.6886,-98.8626 2014_8_8 59.78832604782721
655 16.8842,-99.8 1746261.0 66900.0 28.3747,-105.5704 2014_8_8 93.96920179372198
656 20.4129,-98.3646 571402.0 26135.0 17.1701,-97.8452 2014_8_8 78.70852114023342
657 25.8061,-100.6225 825592.0 35351.0 20.217,-103.4939 2014_8_8 84.07488331306045
658 21.1014,-101.6995 711304.0 29283.0 25.92,-100.2203 2014_8_8 87.44645015879524
659 21.5395,-99.0113 1285762.0 54274.0 18.5689,-90.7307 2014_8_8 85.28472565132476
660 23.933,-98.8107 654813.0 31724.0 21.2497,-102.8508 2014_8_8 74.30736351027613
661 21.9564,-100.1668 488766.0 21018.0 19.2511,-99.1729 2014_8_8 83.71669997145305
662 20.3145,-98.0786 719966.0 31552.0 16.4174,-95.9002 2014_8_8 82.14622210953348
663 19.2025,-99.1025 335147.0 14736.0 18.7236,-96.7452 2014_8_8 81.8763029315961
664 23.7105,-100.4264 1192780.0 46219.0 17.6263,-94.7523 2014_8_8 92.90568813691341
665 32.1399,-116.0665 1941168.0 68699.0 28.252,-100.7364 2014_8_8 101.722074557126
666 25.413,-100.1808 1655041.0 88980.0 23.7462,-109.9784 2014_8_8 66.96052596089011
667 23.3939,-105.3538 778003.0 31810.0 25.808,-100.0381 2014_8_8 88.04812323168815
668 20.6633,-102.8429 661620.0 29217.0 25.3814,-101.1612 2014_8_8 81.52212752849368
669 18.3953,-91.1069 2905522.0 110038.0 29.1069,-110.9003 2014_8_8 95.05697304567516
670 19.8258,-97.345 1097175.0 52098.0 27.0454,-101.6912 2014_8_8 75.81538638719337
671 27.1076,-109.8914 1831812.0 73102.0 25.0854,-97.9186 2014_8_8 90.20988755437608
672 19.5492,-99.1477 370953.0 15541.0 19.5733,-101.8075 2014_8_8 85.92952834437939
673 18.0426,-99.7821 1129594.0 49538.0 16.1967,-93.0003 2014_8_8 82.08927288142434
674 24.6658,-101.4987 2211852.0 87941.0 32.1805,-116.2088 2014_8_8 90.54556122855101
675 18.807,-96.4924 337594.0 13764.0 19.3833,-99.1167 2014_8_8 88.29834350479511
676 19.3764,-99.1065 151863.0 6721.0 18.9214,-98.3572 2014_8_8 81.34307394732926
677 21.8142,-104.0911 1878044.0 78879.0 18.525,-90.9878 2014_8_8 85.71303388734646
678 22.5294,-102.9935 186108.0 9325.0 22.0161,-102.1588 2014_8_8 71.84866487935656
679 22.8822,-102.5952 366372.0 15691.0 25.2114,-100.7734 2014_8_8 84.0570518131413
680 25.495,-99.8661 921702.0 38380.0 19.3572,-99.1125 2014_8_8 86.45459093277748
681 19.4667,-99.15 1366445.0 55396.0 20.3654,-89.1083 2014_8_8 88.80067152863023
682 27.946,-110.9282 1524411.0 62994.0 19.3911,-102.2457 2014_8_8 87.11749690446709
683 25.8559,-98.0487 876683.0 39047.0 22.5352,-103.8925 2014_8_8 80.8271775040336
684 19.444,-100.608 914260.0 44367.0 25.0784,-98.9009 2014_8_8 74.18432618838327
685 25.1083,-107.9083 633222.0 28325.0 28.8403,-111.4775 2014_8_8 80.48011297440425
686 19.3981,-96.9917 1009085.0 41577.0 18.7639,-103.7286 2014_8_8 87.3729706328018
687 26.9299,-108.3902 1612734.0 66077.0 20.1145,-98.708 2014_8_8 87.86480015739214
688 19.994,-102.6151 917829.0 40116.0 25.1329,-99.614 2014_8_8 82.36574932695183
689 21.1721,-99.4226 719999.0 31620.0 17.3469,-99.0041 2014_8_8 81.97332068311195
690 20.7225,-103.6103 814437.0 31868.0 20.7872,-97.4006 2014_8_8 92.00367767039036
691 19.0202,-103.8706 443453.0 20247.0 20.4619,-101.1205 2014_8_8 78.84777004000594
692 19.2495,-98.9117 251017.0 14885.0 18.5917,-100.1425 2014_8_8 60.70951965065503
693 16.5789,-98.471 1131262.0 44622.0 22.0755,-102.6707 2014_8_8 91.26760790641389
694 20.7271,-103.1857 1140238.0 46995.0 27.192,-109.9073 2014_8_8 87.34667092243856
695 25.7725,-109.0619 1304793.0 52711.0 25.4128,-100.0942 2014_8_8 89.11336912598888
696 16.9014,-99.5149 1016283.0 44448.0 21.851,-103.1321 2014_8_8 82.31233801295896
697 21.9806,-102.2514 1459045.0 61201.0 28.4101,-110.3961 2014_8_8 85.82477410499828
698 28.7948,-111.2861 1536100.0 63467.0 19.3103,-103.6364 2014_8_8 87.13126506688515
699 18.0279,-101.1139 1843367.0 75451.0 28.0186,-110.8911 2014_8_8 87.95272693536201
700 19.1822,-103.8289 19772.0 1776.0 19.203,-103.9575 2014_8_8 40.07837837837838
701 19.0748,-98.332 503552.0 18853.0 20.2193,-101.7944 2014_8_8 96.15377923937835
702 19.3616,-102.0161 1199789.0 45101.0 18.1578,-92.7903 2014_8_8 95.76817365468617
703 19.0275,-103.9118 1052820.0 42877.0 18.9181,-96.5372 2014_8_8 88.39592322224037
704 19.2244,-99.2019 320800.0 13704.0 20.6308,-101.0488 2014_8_8 84.27320490367775
705 20.1642,-97.3519 1960199.0 101730.0 24.0408,-110.5232 2014_8_8 69.36711294603361
706 19.6469,-103.5456 329339.0 16813.0 19.511,-101.603 2014_8_8 70.5180752988759
707 30.093,-110.6978 1750525.0 73763.0 19.0279,-104.0011 2014_8_8 85.43429632742702
708 19.57,-99.3975 34932.0 3458.0 19.4882,-99.18 2014_8_8 36.36645459803355
709 21.2394,-98.4264 655980.0 28272.0 25.9612,-97.6177 2014_8_8 83.52886247877758
710 20.4449,-103.33 2001293.0 76764.0 20.75,-88.8167 2014_8_8 93.85460372049398
711 20.7927,-104.1968 332367.0 15426.0 21.8532,-102.4584 2014_8_8 77.56522753792298
712 16.7943,-92.5452 1010559.0 39660.0 20.4018,-99.0411 2014_8_8 91.73001512859304
713 18.1472,-91.1 716767.0 36858.0 15.6522,-92.5625 2014_8_8 70.008171902979
714 24.3267,-99.11 753932.0 31525.0 20.0358,-101.1687 2014_8_8 86.09532751784296
715 19.9788,-100.8279 480065.0 21934.0 19.1055,-104.0198 2014_8_8 78.79246831403302
716 16.5358,-98.1761 676466.0 35827.0 20.4064,-97.3812 2014_8_8 67.97324922544449
717 20.4511,-101.3946 325272.0 13536.0 19.5656,-99.4974 2014_8_8 86.50851063829786
718 19.0121,-98.1391 93535.0 5662.0 18.6931,-98.7925 2014_8_8 59.47121158601202
719 25.122,-107.7553 1829647.0 69333.0 18.5336,-95.0919 2014_8_8 95.00135866037813
720 27.0763,-109.6231 1084870.0 49988.0 25.3283,-105.3442 2014_8_8 78.12939105385294
721 17.0583,-99.4637 1081322.0 44899.0 19.1333,-104.5 2014_8_8 86.7003541281543
722 24.3667,-107.4 447836.0 19751.0 27.0475,-109.7445 2014_8_8 81.62673282365448
723 19.1082,-97.7494 634116.0 23589.0 20.3567,-102.5457 2014_8_8 96.77466615795498
724 20.7703,-89.2958 1789762.0 70023.0 19.6558,-102.1288 2014_8_8 92.01466946574698
725 25.8128,-105.7921 2299882.0 91743.0 19.6571,-90.4224 2014_8_8 90.24748700173313
726 19.3835,-99.6963 69804.0 3116.0 19.4875,-99.3109 2014_8_8 80.64646983311937
727 25.8676,-109.0408 1197100.0 47175.0 32.2551,-115.3344 2014_8_8 91.35262321144674
728 20.2711,-98.0837 195850.0 9377.0 19.4875,-99.3109 2014_8_8 75.1903593899968
729 20.0742,-100.9117 198692.0 9760.0 19.4319,-99.5765 2014_8_8 73.28803278688524
730 24.173,-99.2139 757786.0 34327.0 19.5303,-96.6322 2014_8_8 79.47183266816208
731 17.5772,-99.215 958421.0 40217.0 19.2208,-103.9438 2014_8_8 85.79246587264093
732 21.5356,-100.3619 431262.0 21210.0 19.994,-102.6151 2014_8_8 73.19864214992927
733 24.1733,-100.2947 887058.0 36855.0 19.6978,-97.1992 2014_8_8 86.6479120879121
734 19.8881,-98.9567 322441.0 12474.0 19.6618,-100.9444 2014_8_8 93.05656565656568
735 19.8828,-101.7675 563871.0 22256.0 18.643,-97.8477 2014_8_8 91.20846513299783
736 19.1953,-96.7525 1016196.0 39943.0 19.2322,-103.8015 2014_8_8 91.58815311819342
737 25.6989,-97.638 354477.0 18142.0 25.293,-100.2442 2014_8_8 70.34049167677213
738 20.669,-100.6075 1452235.0 58261.0 27.5729,-109.9162 2014_8_8 89.73491701137982
739 16.9726,-99.4447 865878.0 34248.0 22.7706,-100.9811 2014_8_8 91.01730903994394
740 19.3611,-98.1325 137852.0 7375.0 19.9163,-97.6372 2014_8_8 67.29046779661017
741 17.2011,-92.7828 588725.0 28276.0 17.9321,-96.3104 2014_8_8 74.95437827132551
742 18.9506,-96.6533 697325.0 32199.0 21.9142,-99.5978 2014_8_8 77.96422249138172
743 18.8985,-99.4847 297147.0 15598.0 20.5678,-98.5054 2014_8_8 68.58117707398385
744 18.7368,-96.8692 607042.0 29746.0 16.1335,-97.5874 2014_8_8 73.46706111746117
745 19.8653,-103.5525 651658.0 25758.0 19.262,-99.1387 2014_8_8 91.07728860936408
746 20.2017,-98.1323 165406.0 8741.0 19.1442,-97.7082 2014_8_8 68.12282347557489
747 17.9677,-93.4521 528235.0 21107.0 19.8345,-96.5828 2014_8_8 90.09551333680773
748 17.0597,-96.88 760799.0 31596.0 21.3181,-97.8808 2014_8_8 86.68427649069504
749 19.0104,-97.8391 569759.0 23698.0 21.6934,-101.2377 2014_8_8 86.55297493459364
750 18.2727,-101.7517 1748462.0 73683.0 29.7561,-106.4685 2014_8_8 85.42626114571881
751 20.1833,-105.0833 879913.0 55304.0 17.3732,-100.2344 2014_8_8 57.27771589758426
752 26.5001,-100.1457 1006618.0 38898.0 19.3915,-98.9649 2014_8_8 93.1622397038408
753 21.8206,-102.3884 1635534.0 64792.0 29.5017,-110.7553 2014_8_8 90.87421903938757
754 24.9556,-111.4951 1502429.0 93462.0 24.601,-101.7696 2014_8_8 57.871053476279116
755 29.1069,-110.9003 1846442.0 71737.0 19.3733,-99.8961 2014_8_8 92.66056846536655
756 21.7458,-102.3303 376908.0 16427.0 23.6239,-100.655 2014_8_8 82.59991477445669
757 19.9759,-98.864 441185.0 21189.0 22.528,-98.9157 2014_8_8 74.95710038227385
758 19.6406,-99.0083 795074.0 30304.0 17.5243,-93.5501 2014_8_8 94.45176874340021
759 17.8797,-92.5992 1304596.0 54974.0 23.6369,-98.5273 2014_8_8 85.43212427693092
760 21.0056,-100.7953 711730.0 28749.0 26.2963,-101.348 2014_8_8 89.12407388083064
761 19.0666,-97.8706 791622.0 31174.0 21.3822,-103.1043 2014_8_8 91.41718098415346
762 25.3676,-107.838 942463.0 38343.0 19.9779,-102.8236 2014_8_8 88.48725451842579
763 19.4956,-96.8528 392093.0 16030.0 19.8167,-99.75 2014_8_8 88.05582033686838
764 31.4021,-115.7278 4185563.0 161708.0 21.0231,-89.6586 2014_8_8 93.1804660251812
765 20.5356,-102.9273 852307.0 33331.0 19.2192,-96.219 2014_8_8 92.05559989199243
766 18.8365,-99.7734 1125170.0 43883.0 23.9054,-106.8937 2014_8_8 92.30481051887976
767 15.9797,-93.6456 879656.0 33891.0 19.4833,-99.1 2014_8_8 93.43960343454016
768 17.7392,-95.924 282371.0 14306.0 19.1904,-97.1334 2014_8_8 71.05659163987139
769 21.2476,-89.036 2921838.0 114321.0 26.622,-108.3208 2014_8_8 92.00948907024956
770 23.9567,-99.0742 761777.0 33708.0 19.1022,-96.125 2014_8_8 81.35745817016733
771 18.8973,-97.148 116124.0 7344.0 19.2969,-97.2954 2014_8_8 56.923529411764704
772 19.0178,-96.1228 1544289.0 56798.0 24.2596,-107.1486 2014_8_8 97.88091834219514
773 19.4962,-99.5793 743029.0 31256.0 24.065,-99.3505 2014_8_8 85.5805093422063
774 19.1745,-101.8924 342208.0 15041.0 19.3758,-99.9116 2014_8_8 81.90604348115153
775 28.3333,-106.4667 1644896.0 62900.0 19.0696,-97.8863 2014_8_8 94.14349125596183
776 19.0034,-90.6994 3794010.0 144386.0 32.367,-116.3294 2014_8_8 94.59667834831629
777 27.2284,-105.8264 1000568.0 41516.0 24.1306,-98.7096 2014_8_8 86.76280951922152
778 19.546,-98.8109 176630.0 8762.0 19.4428,-100.1625 2014_8_8 72.57110248801644
779 23.1262,-98.0761 1049807.0 43831.0 19.0121,-104.093 2014_8_8 86.22448039059114
780 18.1935,-99.9997 542771.0 24760.0 20.6619,-101.0317 2014_8_8 78.91662358642972
781 25.9817,-99.7195 671455.0 29172.0 21.4206,-98.9625 2014_8_8 82.86157959687372
782 19.6331,-103.9272 859307.0 38677.0 22.924,-98.9063 2014_8_8 79.98307004162682
783 19.7341,-96.9251 933231.0 43174.0 26.0595,-98.3859 2014_8_8 77.81608375411126
784 19.3785,-98.1111 130859.0 5464.0 19.6292,-97.0522 2014_8_8 86.21749633967787
785 19.2306,-103.7569 830492.0 35380.0 25.2852,-104.0488 2014_8_8 84.50455624646695
786 20.0832,-99.8618 365514.0 13521.0 20.4006,-102.7392 2014_8_8 97.31901486576434
787 29.6307,-108.9893 1686284.0 72962.0 25.7,-100.2333 2014_8_8 83.20252186069459
788 25.5829,-100.3149 1362978.0 52942.0 17.1168,-96.7845 2014_8_8 92.68106229458652
789 19.8178,-102.6128 706425.0 28873.0 19.5952,-97.2148 2014_8_8 88.07986700377516
790 16.4063,-92.9862 1328734.0 51570.0 22.1703,-101.2773 2014_8_8 92.75630017452005
791 20.6372,-103.8557 724311.0 29980.0 21.4278,-98.8625 2014_8_8 86.97530353569046
792 19.5172,-102.4072 1377228.0 56488.0 16.3557,-93.1438 2014_8_8 87.77122220648631
793 18.7572,-99.1119 998657.0 42571.0 24.7833,-97.7969 2014_8_8 84.45103943999437
794 19.3493,-101.7193 423662.0 18743.0 20.6783,-99.3036 2014_8_8 81.3734834338153
795 17.8667,-93.4 1129729.0 50128.0 17.5423,-100.154 2014_8_8 81.13278806255984
796 20.7864,-100.4889 222900.0 8462.0 19.6102,-99.0011 2014_8_8 94.828645710234
797 16.4692,-92.4994 971763.0 39800.0 20.149,-98.5996 2014_8_8 87.89816080402012
798 22.3664,-101.0552 689175.0 30598.0 18.1935,-99.9997 2014_8_8 81.08471141904701
799 18.7893,-100.3632 1102010.0 45195.0 16.3505,-92.9324 2014_8_8 87.78041818785265
800 23.571,-98.4698 1189281.0 50655.0 20.0585,-105.246 2014_8_8 84.5210068107788
801 19.9122,-103.7314 1808071.0 72368.0 15.8542,-92.2236 2014_8_8 89.94383705505197
802 19.2762,-98.8317 1436938.0 55555.0 25.8232,-108.2224 2014_8_8 93.11451354513544
803 29.3774,-110.2299 1553066.0 64309.0 20.0856,-104.0253 2014_8_8 86.9402043259886
804 23.5952,-98.9145 518599.0 25755.0 20.8744,-101.401 2014_8_8 72.4890856144438
805 19.2394,-103.7655 1080938.0 42808.0 17.2661,-97.0669 2014_8_8 90.90302747150066
806 22.9456,-99.037 564476.0 28206.0 20.7034,-102.4165 2014_8_8 72.04543714103382
807 19.265,-103.2908 1054830.0 46871.0 24.4191,-97.9752 2014_8_8 81.01785752384203
808 23.3318,-98.5767 386301.0 22051.0 25.9119,-98.3617 2014_8_8 63.066690853022536
809 16.1533,-93.8914 125765.0 9518.0 16.2738,-93.3145 2014_8_8 47.56818659382223
810 19.1618,-97.9214 691475.0 25175.0 20.4411,-103.2844 2014_8_8 98.88023833167826
811 20.5815,-100.1517 272612.0 12387.0 19.0167,-100.2 2014_8_8 79.2284814725115
812 16.8358,-96.7294 504478.0 21281.0 19.2244,-99.2019 2014_8_8 85.34001221747097
813 19.1598,-99.4873 381206.0 18477.0 20.063,-97.1605 2014_8_8 74.27296639064784
814 19.4236,-99.6639 270113.0 15850.0 18.0755,-100.2013 2014_8_8 61.35058675078864
815 20.6612,-101.1273 438707.0 17945.0 18.7096,-100.2836 2014_8_8 88.01032042351629
816 27.537,-110.1381 2445041.0 93552.0 16.3911,-94.4632 2014_8_8 94.08828886608518
817 22.0146,-101.2415 2445442.0 92206.0 32.2925,-116.5256 2014_8_8 95.47742229356008
818 16.7932,-98.2098 1062787.0 48897.0 19.6333,-102.65 2014_8_8 78.24678814651206
819 23.8394,-100.2331 951264.0 38914.0 18.0986,-97.1151 2014_8_8 88.00304260677393
820 22.2213,-97.8782 769971.0 35364.0 22.3178,-103.736 2014_8_8 78.38184594502886
821 26.988,-101.4349 1018157.0 40258.0 19.4658,-99.1681 2014_8_8 91.046877639227
822 29.5781,-110.9472 1787889.0 74713.0 25.3178,-98.5582 2014_8_8 86.14833295410436
823 19.303,-99.1071 157547.0 9192.0 18.8449,-100.0166 2014_8_8 61.70248041775457
824 15.9154,-95.899 1151712.0 43326.0 20.9178,-101.4048 2014_8_8 95.69688408807644
825 18.9917,-102.0894 730401.0 28860.0 19.4478,-96.9062 2014_8_8 91.11031185031185
826 19.2025,-99.1025 709657.0 28942.0 22.2795,-102.8056 2014_8_8 88.27189551516827
827 19.2642,-98.3758 1007976.0 38245.0 25.9214,-100.3681 2014_8_8 94.88073212184601
828 21.8128,-102.776 1289591.0 47776.0 17.8122,-93.3411 2014_8_8 97.17279805760214
829 26.1512,-105.6104 357331.0 18570.0 24.4672,-104.1481 2014_8_8 69.27256865912764
830 19.4347,-99.2009 1119994.0 46484.0 27.45,-100.75 2014_8_8 86.73905860080887
831 19.162,-103.9257 1009868.0 43411.0 24.5283,-98.7301 2014_8_8 83.74662643108887
832 19.533,-98.9174 720469.0 29732.0 18.8663,-103.7995 2014_8_8 87.23558455536123
833 18.8219,-100.1359 498842.0 21950.0 21.2056,-101.2236 2014_8_8 81.8146332574032
834 19.3015,-99.3853 487341.0 21739.0 17.2498,-98.8823 2014_8_8 80.70415382492295
835 19.0034,-90.6994 1595860.0 59515.0 22.916,-100.3966 2014_8_8 96.53189952112913
836 19.3624,-98.0872 862866.0 34562.0 19.1074,-104.2575 2014_8_8 89.87667380359932
837 14.9179,-92.3142 1062066.0 42684.0 19.8874,-98.1356 2014_8_8 89.5754287320776
838 25.6912,-109.0492 1522660.0 62507.0 23.653,-98.8198 2014_8_8 87.69539411585903
839 26.4409,-105.5064 1186683.0 50679.0 19.3261,-104.1186 2014_8_8 84.29643047416091
840 19.699,-99.1711 509922.0 19701.0 20.5337,-103.2049 2014_8_8 93.17898583828232
841 17.4503,-95.1636 432070.0 20027.0 16.7278,-96.7344 2014_8_8 77.66774853947172
842 25.2498,-104.0827 1751580.0 67442.0 17.8916,-92.537 2014_8_8 93.49793896978143
843 23.9446,-104.1306 494073.0 22442.0 20.9764,-102.0486 2014_8_8 79.25598431512343
844 18.5999,-102.4838 361615.0 19377.0 20.461,-102.8597 2014_8_8 67.18346493265211
845 18.2233,-99.9406 445671.0 20606.0 19.4482,-97.9067 2014_8_8 77.86157429874794
846 18.8989,-99.5456 312947.0 14994.0 19.7783,-101.2382 2014_8_8 75.1373349339736
847 19.3262,-98.2077 71465.0 4594.0 19.2327,-97.7009 2014_8_8 56.00217675228559
848 21.1291,-101.5993 560248.0 20422.0 18.8812,-97.6662 2014_8_8 98.76078738615216
849 16.7336,-98.8735 589690.0 33966.0 19.2028,-96.9746 2014_8_8 62.500264970853216
850 17.5992,-99.3814 558720.0 22494.0 20.5744,-97.4855 2014_8_8 89.41904507868765
851 20.4317,-103.3094 227782.0 9619.0 21.5767,-102.4139 2014_8_8 85.24952697785629
852 21.106,-104.8537 1877868.0 76073.0 15.7456,-92.4022 2014_8_8 88.86628370118177
853 18.7443,-96.4764 355815.0 15423.0 17.4607,-97.6744 2014_8_8 83.05349153861115
854 21.9477,-100.2109 566618.0 24822.0 23.9404,-104.2756 2014_8_8 82.1781000725163
855 19.3189,-96.3958 513431.0 20091.0 20.5815,-100.1517 2014_8_8 91.9989846199791
856 20.0633,-98.8906 577578.0 22952.0 22.2672,-102.0311 2014_8_8 90.59257581038686
857 17.3296,-92.4781 1169914.0 48364.0 20.117,-101.0411 2014_8_8 87.08316929947895
858 25.6071,-99.988 44576.0 3789.0 25.4077,-100.1618 2014_8_8 42.352494061757724
859 22.3787,-101.0472 1784596.0 70058.0 19.0099,-88.6719 2014_8_8 91.70324017242856
860 18.8885,-103.9617 1320644.0 52939.0 27.116,-109.8738 2014_8_8 89.80748408545685
861 19.0446,-100.6364 1254009.0 51312.0 18.5117,-91.2259 2014_8_8 87.98005144995324
862 23.1611,-102.8848 727188.0 28940.0 19.0075,-99.2486 2014_8_8 90.45876986869385
863 20.6516,-98.5975 698863.0 31094.0 25.2095,-99.8564 2014_8_8 80.91293497137711
864 19.4121,-99.1671 280121.0 12295.0 20.7298,-97.543 2014_8_8 82.01997559983734
865 20.8057,-101.0008 988290.0 43266.0 27.8107,-100.799 2014_8_8 82.2318679794758
866 25.436,-100.1705 999617.0 38857.0 19.3288,-98.3028 2014_8_8 92.6119154849834
867 20.6978,-99.8153 538866.0 21498.0 17.5275,-99.155 2014_8_8 90.23711973206812
868 19.0399,-99.9969 140261.0 6557.0 18.4951,-100.651 2014_8_8 77.00771694372428
869 18.8278,-98.9678 401698.0 17585.0 19.1306,-96.2951 2014_8_8 82.23558714813763
870 18.5047,-95.66 3248703.0 123252.0 32.4628,-117.105 2014_8_8 94.889582319151
871 25.2165,-108.0532 1436472.0 55881.0 18.2026,-99.1832 2014_8_8 92.54127878885492
872 18.5667,-95.6833 563541.0 26430.0 18.236,-99.0554 2014_8_8 76.75927355278094
873 18.7492,-96.7989 186682.0 8845.0 19.5208,-96.6494 2014_8_8 75.98136800452234
874 19.6914,-102.3455 219129.0 11428.0 20.5315,-103.1875 2014_8_8 69.02908645432271
875 18.1997,-96.1081 1220840.0 47305.0 23.4763,-103.8829 2014_8_8 92.9082338019237
876 25.8639,-100.3869 1442380.0 56226.0 27.1711,-109.8008 2014_8_8 92.35172340198484
877 18.1961,-91.2646 957910.0 42190.0 17.1932,-97.4014 2014_8_8 81.73680967053805
878 19.5984,-99.0148 875450.0 35471.0 25.3347,-99.9444 2014_8_8 88.85061035775705
879 19.1625,-100.1318 429044.0 19337.0 20.5317,-97.2747 2014_8_8 79.87580286497389
880 18.7449,-97.57 565446.0 20890.0 20.5739,-101.595 2014_8_8 97.44402106270942
881 21.1,-87.4972 1839609.0 72705.0 20.5925,-101.1103 2014_8_8 91.08854136579329
882 28.7709,-111.7309 1933610.0 80242.0 20.2935,-98.8237 2014_8_8 86.7500311557538
883 20.8408,-101.2478 384142.0 18122.0 22.7714,-103.1475 2014_8_8 76.3111797814811
884 19.6292,-97.0522 1238597.0 49333.0 25.5745,-101.9152 2014_8_8 90.3847161129467
885 21.878,-99.946 442836.0 18381.0 19.4,-99.15 2014_8_8 86.73138566998531
886 18.8947,-103.9139 505565.0 24496.0 21.0244,-100.9126 2014_8_8 74.29923252775963
887 20.4312,-97.9192 808758.0 36920.0 25.75,-100.2333 2014_8_8 78.8604767063922
888 17.6226,-98.3431 681939.0 31014.0 21.7364,-98.9675 2014_8_8 79.15716773070227
889 20.1408,-87.4615 1543719.0 59978.0 19.4,-99.15 2014_8_8 92.65711427523424
890 19.4655,-99.6524 845169.0 32155.0 17.9517,-92.9153 2014_8_8 94.62318146478
891 20.5946,-101.3197 466946.0 21287.0 19.0347,-100.4372 2014_8_8 78.96864753135718
892 16.6761,-97.625 845234.0 40957.0 21.3286,-100.4149 2014_8_8 74.29358595600263
893 19.4115,-99.3856 994285.0 40340.0 16.6184,-92.4044 2014_8_8 88.73143282102131
894 19.3587,-99.1681 58155.0 2874.0 19.0128,-99.2308 2014_8_8 72.84551148225471
895 19.3073,-99.0837 978243.0 40128.0 26.2538,-101.2685 2014_8_8 87.76103468899521
896 19.4647,-96.4756 179059.0 8267.0 18.485,-96.1606 2014_8_8 77.97416233216403
897 21.0001,-89.2326 1416033.0 56661.0 19.416,-99.5779 2014_8_8 89.96874040345209
898 21.0471,-101.221 1528495.0 60390.0 28.1118,-110.9968 2014_8_8 91.11743666169895
899 21.0312,-98.9886 329911.0 17046.0 20.7239,-97.4881 2014_8_8 69.67497360084478
900 25.2025,-108.0855 1041186.0 41530.0 20.6612,-101.1273 2014_8_8 90.2545051769805
901 19.0502,-99.8067 1129922.0 53161.0 24.5678,-105.5542 2014_8_8 76.5169804932187
902 25.5619,-99.9622 871310.0 34334.0 20.4292,-101.2545 2014_8_8 91.35888623521872
903 20.3919,-101.8239 1249349.0 50246.0 28.3624,-106.1481 2014_8_8 89.51272539107592
904 27.6289,-109.9661 1057168.0 43365.0 25.074,-105.1966 2014_8_8 87.76213075060532
905 24.2481,-99.439 652838.0 29316.0 20.1746,-96.8767 2014_8_8 80.16839950880066
906 16.8156,-97.0256 1528472.0 65022.0 26.2187,-99.0147 2014_8_8 84.62519147365508
907 19.0703,-96.4778 1071434.0 43039.0 18.8458,-103.9178 2014_8_8 89.62016775482702
908 17.6381,-101.4757 552568.0 25102.0 19.5908,-98.6153 2014_8_8 79.24646641701857
909 29.0463,-111.7945 1660700.0 73499.0 19.4454,-103.95 2014_8_8 81.34151485054218
910 17.2386,-96.2417 508405.0 26849.0 17.8266,-98.8038 2014_8_8 68.16857238630861
911 20.455,-102.8464 964166.0 40754.0 27.2925,-101.6732 2014_8_8 85.16949501889384
912 17.9639,-99.4546 1280292.0 54167.0 15.379,-92.2671 2014_8_8 85.08965237137002
913 19.2322,-103.8015 857045.0 34973.0 19.4045,-97.4904 2014_8_8 88.22125639779257
914 18.7044,-95.7278 2468510.0 92698.0 30.1679,-111.1133 2014_8_8 95.86653433731041
915 21.0703,-102.6567 395304.0 18390.0 19.4542,-101.1911 2014_8_8 77.38414355628059
916 20.0509,-100.6778 633948.0 23588.0 19.1246,-96.1775 2014_8_8 96.75312870951332
917 20.3872,-98.1772 474043.0 20620.0 20.5396,-101.5451 2014_8_8 82.76211445198837
918 24.068,-104.9257 1316022.0 54234.0 17.2136,-99.6504 2014_8_8 87.35625622303353
919 18.3569,-98.7226 544913.0 23550.0 21.4128,-101.2772 2014_8_8 83.2988025477707
920 20.4965,-103.3279 830780.0 31901.0 18.0956,-98.0872 2014_8_8 93.75279771793987
921 18.7005,-88.8572 1616733.0 61308.0 20.7939,-101.4054 2014_8_8 94.93440986494423
922 20.7427,-105.1805 508255.0 21643.0 21.9365,-102.2687 2014_8_8 84.54086771704478
923 20.4344,-103.3463 807586.0 32513.0 17.7121,-99.2689 2014_8_8 89.41991203518593
924 19.0446,-100.6364 875069.0 37457.0 16.0811,-97.6381 2014_8_8 84.10306217796406
925 18.3915,-101.7569 771717.0 35298.0 19.3232,-97.9075 2014_8_8 78.70647628760835
926 19.9668,-96.8798 1418617.0 56331.0 23.7438,-106.8282 2014_8_8 90.66093625179741
927 19.8243,-101.1388 488337.0 22683.0 19.9167,-104.5667 2014_8_8 77.50355773045894
928 25.5756,-108.857 2339363.0 89420.0 16.6866,-92.6415 2014_8_8 94.18146723328115
929 21.6475,-105.0668 846195.0 32979.0 19.1414,-98.8365 2014_8_8 92.37096334030748
930 25.0866,-107.6822 954265.0 37986.0 18.9639,-103.8306 2014_8_8 90.43737166324436
931 19.3807,-98.0609 1154340.0 48749.0 26.2917,-102.1293 2014_8_8 85.24531785267389
932 21.0397,-98.5725 3213206.0 112393.0 32.0415,-116.4574 2014_8_8 102.920480812862
933 19.1314,-97.8933 210564.0 12147.0 20.0371,-96.869 2014_8_8 62.4047419115831
934 18.3446,-100.3811 783660.0 40119.0 21.25,-105.2 2014_8_8 70.32019741269723
935 23.7942,-110.4115 1185596.0 81996.0 22.7833,-104.5667 2014_8_8 52.05309527294015
936 16.9745,-100.0305 251793.0 14199.0 17.9353,-99.8998 2014_8_8 63.8393407986478
937 27.9514,-101.5159 1195641.0 48608.0 19.2029,-99.1574 2014_8_8 88.55142363396973
938 18.3735,-91.1279 456812.0 19442.0 21.1489,-89.1031 2014_8_8 84.58611253986216
939 15.3892,-92.2556 1400478.0 53916.0 19.7006,-100.9967 2014_8_8 93.5106610282662
940 18.8783,-96.9494 1558958.0 59188.0 28.9472,-100.6915 2014_8_8 94.8207204163006
941 19.4875,-99.3109 74394.0 3276.0 19.0868,-99.1914 2014_8_8 81.75164835164836
942 26.7673,-109.6824 823636.0 37470.0 24.2317,-105.5175 2014_8_8 79.13236188951161
943 20.9651,-102.7423 835362.0 30412.0 18.7758,-96.7772 2014_8_8 98.88541365250559
944 16.7152,-99.6097 723753.0 28192.0 19.335,-96.4869 2014_8_8 92.42021850170264
945 17.7437,-91.3356 243098.0 12724.0 18.0227,-92.967 2014_8_8 68.77969192077963
946 28.3015,-106.5325 2442866.0 94464.0 16.3389,-92.5631 2014_8_8 93.09702743902443
947 15.9864,-92.4247 1041525.0 48056.0 17.8282,-98.1505 2014_8_8 78.02334776094555
948 20.8242,-102.4002 774470.0 34632.0 25.4625,-99.9154 2014_8_8 80.506237006237
