 destination distance_m duration_s origin time v_ave_kmph
0 18.4667,-69.7833 146177.0 6727.0 19.1944,-70.3889 2014_8_26 78.22762003865023
1 18.45,-69.9333 8555.0 951.0 18.4833,-69.9833 2014_8_26 32.38485804416404
2 19.5833,-70.9833 106664.0 6372.0 19.15,-70.7 2014_8_26 60.262146892655366
3 18.5,-69.9167 78984.0 3460.0 18.7667,-70.3267 2014_8_26 82.17988439306359
4 18.4833,-70.0 13561.0 1109.0 18.5028,-69.9139 2014_8_26 44.02128043282237
5 19.2833,-71.4 276504.0 14081.0 18.5083,-69.9361 2014_8_26 70.69202471415382
6 18.4833,-69.8833 16243.0 1101.0 18.4333,-70.0 2014_8_26 53.110626702997294
7 18.4667,-69.8167 31970.0 1739.0 18.65,-69.75 2014_8_26 66.1828637147786
8 18.7667,-70.3267 58271.0 2581.0 19.1667,-70.3833 2014_8_26 81.27686943045332
9 18.8167,-70.05 91794.0 6252.0 18.7278,-69.3944 2014_8_26 52.85642994241843
10 18.4667,-69.7833 123579.0 6099.0 18.8167,-69.05 2014_8_26 72.94382685686178
11 18.4917,-69.9292 140428.0 6707.0 19.075,-70.5667 2014_8_26 75.37510064112122
12 19.4833,-70.7333 161725.0 6807.0 18.4667,-69.9 2014_8_26 85.53107095636845
13 18.55,-70.1167 137478.0 7253.0 18.5167,-70.65 2014_8_26 68.23670205432235
14 18.5,-69.8167 90109.0 4021.0 18.7667,-70.3267 2014_8_26 80.6745585675205
15 18.4833,-70.05 50453.0 3070.0 18.65,-69.75 2014_8_26 59.16312703583062
16 18.4722,-69.9167 38237.0 2090.0 18.65,-69.75 2014_8_26 65.86277511961723
17 18.8167,-70.05 55733.0 3873.0 18.45,-69.9333 2014_8_26 51.804492641363275
18 19.35,-70.3833 146262.0 7107.0 18.45,-69.9833 2014_8_26 74.0879696074293
19 18.4833,-69.9 25717.0 1824.0 18.45,-70.0833 2014_8_26 50.75723684210526
20 18.5028,-69.9139 130111.0 7490.0 18.58,-70.6767 2014_8_26 62.53666221628839
21 18.4833,-69.8667 86276.0 6381.0 18.4,-70.3333 2014_8_26 48.67475317348378
22 19.1,-71.6333 260821.0 13957.0 18.4722,-69.9167 2014_8_26 67.27488715339972
23 18.6,-70.5167 103271.0 5006.0 18.4278,-70.0 2014_8_26 74.26600079904115
24 18.45,-69.9833 149860.0 7074.0 19.1333,-70.6667 2014_8_26 76.264631043257
25 18.5,-69.9167 161881.0 6504.0 19.4833,-70.7333 2014_8_26 89.60202952029522
26 18.4917,-69.9292 140428.0 6707.0 19.075,-70.5667 2014_8_26 75.37510064112122
27 18.4667,-69.825 89140.0 3872.0 18.7667,-70.3267 2014_8_26 82.87809917355372
28 18.4667,-69.8333 127694.0 5232.0 19.1667,-70.3833 2014_8_26 87.86284403669724
29 18.45,-69.9833 94159.0 4579.0 18.5333,-70.4833 2014_8_26 74.02760428041057
30 19.7667,-71.5833 235415.0 10946.0 18.7667,-70.3267 2014_8_26 77.42499543212132
31 18.6,-70.5 31431.0 2575.0 18.58,-70.6767 2014_8_26 43.94236893203883
32 18.5028,-69.9139 5536.0 715.0 18.4667,-69.9 2014_8_26 27.87356643356643
33 18.4722,-69.9167 4024.0 592.0 18.4917,-69.9292 2014_8_26 24.470270270270273
34 18.7667,-70.3267 69612.0 3131.0 18.4833,-69.9833 2014_8_26 80.03934845097412
35 18.4667,-69.9333 125429.0 6147.0 18.85,-69.2333 2014_8_26 73.45768667642754
36 18.5,-69.8167 24988.0 1561.0 18.4278,-70.0 2014_8_26 57.62767456758489
37 18.3333,-70.2833 63919.0 3600.0 18.4667,-69.95 2014_8_26 63.919
38 19.0333,-70.3 106086.0 5224.0 18.4833,-69.8333 2014_8_26 73.10673813169986
39 18.65,-69.75 42790.0 2402.0 18.45,-69.9333 2014_8_26 64.13155703580351
40 18.4722,-69.9167 29691.0 1663.0 18.4667,-69.825 2014_8_26 64.27396271797956
41 18.45,-69.9333 100388.0 5152.0 18.5333,-70.4833 2014_8_26 70.1468944099379
42 18.4833,-69.9 3261.0 555.0 18.4667,-69.9 2014_8_26 21.15243243243243
43 18.5,-69.8833 7349.0 669.0 18.4917,-69.9292 2014_8_26 39.54618834080718
44 18.4556,-69.95 266632.0 12638.0 19.3333,-71.45 2014_8_26 75.9515113150815
45 18.7667,-70.3267 71620.0 3347.0 18.5167,-69.9667 2014_8_26 77.03376157753213
46 18.58,-70.6767 145287.0 8919.0 19.1944,-70.3889 2014_8_26 58.64258324924318
47 18.4667,-69.825 12280.0 1104.0 18.5028,-69.9139 2014_8_26 40.04347826086956
48 18.525,-69.8917 18329.0 1697.0 18.45,-69.9833 2014_8_26 38.882969946965225
49 19.075,-70.5667 138789.0 6862.0 18.4556,-69.95 2014_8_26 72.81264937336053
50 18.4583,-70.0833 62930.0 5458.0 18.4,-70.3333 2014_8_26 41.50751190912422
51 18.65,-69.75 48124.0 2862.0 18.4867,-70.0133 2014_8_26 60.53333333333333
52 18.85,-69.2333 133543.0 6625.0 18.4833,-70.0 2014_8_26 72.56676226415094
53 19.15,-70.7 66306.0 4390.0 19.4833,-70.7333 2014_8_26 54.37394077448746
54 18.7667,-70.3267 29469.0 1615.0 18.7218,-70.2474 2014_8_26 65.68941176470588
55 18.4667,-69.9 14070.0 1321.0 18.4667,-69.8167 2014_8_26 38.34367903103709
56 18.7278,-69.3944 225155.0 9512.0 19.2833,-70.5667 2014_8_26 85.21425567703953
57 18.4917,-69.9 94433.0 4504.0 18.7278,-69.3944 2014_8_26 75.47930728241563
58 18.0,-71.2167 220020.0 11828.0 18.4833,-69.9 2014_8_26 66.96584376056815
59 18.58,-70.6767 118709.0 6521.0 18.45,-69.9833 2014_8_26 65.53479527679804
60 19.85,-71.65 279583.0 12052.0 18.5028,-69.9139 2014_8_26 83.51301028874877
61 19.7667,-71.5833 292894.0 12952.0 18.4833,-69.9 2014_8_26 81.40969734403953
62 18.45,-69.9333 9012.0 690.0 18.4167,-70.0 2014_8_26 47.01913043478261
63 18.5167,-70.65 107023.0 5845.0 18.4556,-69.95 2014_8_26 65.91664670658683
64 18.45,-69.9333 8847.0 1100.0 18.5028,-69.9139 2014_8_26 28.953818181818185
65 18.6,-70.0333 26208.0 1849.0 18.4722,-69.9167 2014_8_26 51.02693347755542
66 18.6667,-70.15 98248.0 4274.0 19.15,-70.2833 2014_8_26 82.75451567618157
67 18.7667,-70.3267 78993.0 3806.0 18.4667,-69.9 2014_8_26 74.71749868628481
68 18.6222,-71.2111 13613.0 948.0 18.7333,-71.1833 2014_8_26 51.69493670886076
69 18.5,-69.9 271689.0 12689.0 19.3333,-71.45 2014_8_26 77.08096776735756
70 18.4833,-69.9333 12579.0 955.0 18.4278,-70.0 2014_8_26 47.41821989528796
71 18.4722,-69.9167 111587.0 6119.0 18.5167,-70.65 2014_8_26 65.65013891158685
72 18.4867,-70.0133 2685.0 369.0 18.5,-70.0167 2014_8_26 26.195121951219512
73 18.5333,-69.85 50719.0 3310.0 18.4917,-70.0833 2014_8_26 55.162658610271905
74 18.7333,-71.1833 279467.0 14973.0 19.075,-70.5667 2014_8_26 67.19302744940893
75 19.4583,-71.05 227055.0 10876.0 18.4278,-70.0 2014_8_26 75.15612357484369
76 19.5833,-70.9833 60996.0 3652.0 19.4583,-71.05 2014_8_26 60.127491785323116
77 18.4833,-69.9833 43113.0 1683.0 18.7218,-70.2474 2014_8_26 92.22032085561493
78 18.4833,-69.8333 9666.0 766.0 18.4667,-69.9 2014_8_26 45.42767624020888
79 18.5,-69.8167 208602.0 10467.0 18.7333,-71.1833 2014_8_26 71.74617368873605
80 18.5028,-69.9139 48014.0 3080.0 18.8167,-70.05 2014_8_26 56.12025974025974
81 18.8167,-70.05 143257.0 7664.0 19.1333,-70.6667 2014_8_26 67.2919102296451
82 19.7667,-71.5833 253540.0 11377.0 18.6667,-70.15 2014_8_26 80.22712490111628
83 18.55,-69.8125 99066.0 7312.0 18.4,-70.3333 2014_8_26 48.77428884026258
84 18.65,-69.75 32908.0 1675.0 18.4833,-69.8667 2014_8_26 70.72764179104477
85 18.5,-69.8167 221241.0 11143.0 18.6222,-71.2111 2014_8_26 71.47694516736965
86 18.5,-69.8833 48228.0 2210.0 18.6667,-70.15 2014_8_26 78.56144796380093
87 19.15,-70.7 150909.0 7509.0 18.4867,-70.0133 2014_8_26 72.34950059928086
88 18.5,-69.8167 5871.0 693.0 18.4667,-69.8167 2014_8_26 30.49870129870129
89 18.7278,-69.3944 98707.0 5029.0 18.45,-69.9333 2014_8_26 70.65921654404454
90 18.45,-69.9333 8312.0 814.0 18.45,-69.9833 2014_8_26 36.76068796068796
91 18.5,-70.0167 2685.0 383.0 18.4867,-70.0133 2014_8_26 25.237597911227155
92 18.4667,-69.7833 23884.0 1973.0 18.525,-69.8917 2014_8_26 43.5795235681703
93 18.5,-69.8167 13249.0 1253.0 18.5028,-69.9139 2014_8_26 38.0657621707901
94 18.5333,-70.4833 159238.0 8270.0 18.6222,-71.2111 2014_8_26 69.3176299879081
95 18.65,-69.75 39039.0 2415.0 18.5,-69.9333 2014_8_26 58.19478260869565
96 18.4833,-69.9833 18856.0 1348.0 18.6,-70.0333 2014_8_26 50.35727002967359
97 18.5,-69.8333 10723.0 1095.0 18.4667,-69.9 2014_8_26 35.25369863013699
98 18.7333,-71.1833 115478.0 6706.0 18.5167,-70.65 2014_8_26 61.99236504622727
99 18.5333,-70.4833 121985.0 6610.0 19.15,-70.2833 2014_8_26 66.43661119515886
100 18.6167,-70.1833 49229.0 2617.0 18.4583,-70.0833 2014_8_26 67.72044325563623
101 18.7218,-70.2474 71444.0 2816.0 18.5,-69.9 2014_8_26 91.33465909090908
102 19.4833,-70.7333 150908.0 6249.0 18.5,-70.0167 2014_8_26 86.9369179068651
103 18.58,-70.6767 148500.0 9530.0 18.7667,-70.0333 2014_8_26 56.096537250786994
104 18.4722,-69.9167 9154.0 684.0 18.4833,-69.9833 2014_8_26 48.178947368421056
105 18.4667,-69.825 13703.0 1055.0 18.5,-69.9167 2014_8_26 46.75905213270143
106 18.5,-70.0167 11772.0 958.0 18.4917,-69.9583 2014_8_26 44.23716075156576
107 18.4867,-70.0133 76496.0 6141.0 18.4,-70.3333 2014_8_26 44.84377137274061
108 18.4278,-70.0 99172.0 4730.0 18.6,-70.5 2014_8_26 75.47974630021142
109 18.65,-69.75 33816.0 1955.0 18.4917,-69.9 2014_8_26 62.269872122762145
110 18.5333,-70.4833 120110.0 6555.0 18.5917,-69.8944 2014_8_26 65.96430205949657
111 18.4583,-70.0833 79686.0 3767.0 18.45,-69.4167 2014_8_26 76.15333156357845
112 18.525,-69.8917 36544.0 2338.0 18.65,-69.75 2014_8_26 56.269632164242935
113 18.7667,-70.9 170540.0 9229.0 18.4722,-69.9167 2014_8_26 66.52335030880919
114 18.7333,-71.1833 195780.0 10286.0 18.7667,-70.3267 2014_8_26 68.52109663620455
115 19.15,-70.7 179045.0 8758.0 18.4667,-69.7833 2014_8_26 73.59693994062572
116 18.5,-69.8833 12474.0 780.0 18.4833,-69.9833 2014_8_26 57.57230769230769
117 18.4667,-69.8167 20497.0 1249.0 18.4833,-69.9833 2014_8_26 59.07862289831867
118 18.8167,-70.05 119091.0 7150.0 18.5333,-70.4833 2014_8_26 59.9619020979021
119 18.4722,-69.9167 8789.0 690.0 18.45,-69.9833 2014_8_26 45.85565217391304
120 18.4833,-69.9333 6357.0 507.0 18.4833,-69.9833 2014_8_26 45.13846153846154
121 18.5,-69.8833 12014.0 1244.0 18.55,-69.8125 2014_8_26 34.767202572347266
122 18.55,-69.8125 171692.0 8827.0 19.15,-70.7 2014_8_26 70.02279370114421
123 18.4833,-69.9 129247.0 7371.0 18.58,-70.6767 2014_8_26 63.124297924297935
124 18.85,-69.2333 108296.0 6110.0 18.5333,-69.85 2014_8_26 63.80779050736498
125 18.5,-69.8333 7114.0 819.0 18.5,-69.8833 2014_8_26 31.27032967032967
126 18.4333,-70.0 27144.0 2049.0 18.6,-70.0333 2014_8_26 47.69077598828697
127 18.4917,-70.0833 29418.0 2155.0 18.4867,-70.0133 2014_8_26 49.14375870069605
128 19.1333,-70.6667 313329.0 17373.0 18.0,-71.2167 2014_8_26 64.92743912968399
129 18.55,-69.8125 131224.0 6694.0 18.6,-70.5167 2014_8_26 70.57161637287122
130 18.4833,-69.9833 68855.0 2835.0 18.9,-70.2833 2014_8_26 87.43492063492062
131 18.4278,-70.0 8992.0 597.0 18.45,-69.9333 2014_8_26 54.22311557788945
132 18.55,-69.8125 23024.0 1813.0 18.45,-69.9333 2014_8_26 45.71781577495863
133 18.4722,-69.9167 14580.0 1257.0 18.4667,-69.8167 2014_8_26 41.75656324582339
134 18.5,-70.0167 49513.0 3625.0 18.8,-70.0333 2014_8_26 49.17153103448275
135 18.4722,-69.9167 51394.0 3390.0 18.8167,-70.05 2014_8_26 54.57769911504425
136 18.4333,-70.1667 133021.0 6415.0 19.15,-70.2833 2014_8_26 74.64935307872176
137 19.15,-70.2833 116646.0 5261.0 18.5985,-70.0136 2014_8_26 79.81858962174492
138 18.5,-70.0167 16519.0 1513.0 18.45,-69.9333 2014_8_26 39.304957038995376
139 18.5028,-69.9139 213378.0 10864.0 18.6222,-71.2111 2014_8_26 70.70699558173786
140 18.0,-71.2167 427316.0 22699.0 19.3333,-71.45 2014_8_26 67.77116172518613
141 19.15,-70.7 213794.0 11076.0 18.3722,-70.3722 2014_8_26 69.48884073672806
142 18.4278,-70.0 63727.0 4073.0 18.8167,-70.05 2014_8_26 56.326344218021106
143 18.5,-69.8167 46464.0 2948.0 18.4917,-70.0833 2014_8_26 56.74029850746268
144 18.4867,-70.0133 13766.0 1492.0 18.45,-69.9333 2014_8_26 33.21554959785523
145 18.4667,-70.0 64818.0 3961.0 18.3722,-70.3722 2014_8_26 58.91057813683413
146 18.4333,-70.0 25828.0 2038.0 18.4917,-70.0833 2014_8_26 45.623552502453386
147 18.5,-69.8333 297019.0 13321.0 19.7667,-71.5833 2014_8_26 80.26937917573757
148 19.15,-70.7 160081.0 7824.0 18.5028,-69.9139 2014_8_26 73.6569018404908
149 19.075,-70.5667 145279.0 6989.0 18.5028,-69.9139 2014_8_26 74.83250822721418
150 18.7667,-70.3267 94737.0 5039.0 19.1333,-70.6667 2014_8_26 67.68271482436992
151 18.4833,-69.9 35965.0 1892.0 18.65,-69.75 2014_8_26 68.43234672304439
152 18.3722,-70.3722 234675.0 11469.0 19.5833,-70.9833 2014_8_26 73.66204551399423
153 18.45,-70.0833 23335.0 1567.0 18.4917,-69.9292 2014_8_26 53.60944479897894
154 18.4833,-69.9 13534.0 1375.0 18.5667,-69.9167 2014_8_26 35.43447272727273
155 18.5333,-70.4833 123414.0 6313.0 19.2833,-70.5667 2014_8_26 70.37706320291463
156 19.3333,-71.45 272354.0 13622.0 18.7667,-70.0333 2014_8_26 71.9772720599031
157 18.4833,-70.05 276821.0 12702.0 19.7667,-71.5833 2014_8_26 78.45658951346243
158 18.7333,-71.1833 115478.0 6706.0 18.5167,-70.65 2014_8_26 61.99236504622727
159 19.05,-70.15 106498.0 4943.0 18.4917,-69.9292 2014_8_26 77.56277564232248
160 18.4917,-70.0833 67570.0 5906.0 18.4,-70.3333 2014_8_26 41.18726718591263
161 18.4667,-69.9 132297.0 5679.0 19.15,-70.2833 2014_8_26 83.8649762282092
162 18.4667,-69.9 4180.0 463.0 18.4722,-69.9167 2014_8_26 32.50107991360691
163 18.5,-69.9 7284.0 732.0 18.5083,-69.9361 2014_8_26 35.82295081967215
164 18.7218,-70.2474 110594.0 4317.0 19.4833,-70.7333 2014_8_26 92.22571230020849
165 19.5833,-70.9833 291799.0 12412.0 18.7278,-69.3944 2014_8_26 84.63393490170802
166 18.4917,-69.9292 9769.0 644.0 18.4833,-69.8833 2014_8_26 54.60931677018633
167 18.4722,-69.9167 5051.0 397.0 18.4556,-69.95 2014_8_26 45.80251889168766
168 19.3833,-71.65 292776.0 13848.0 18.4917,-70.0833 2014_8_26 76.1116117850953
169 18.4917,-69.9 7889.0 623.0 18.4917,-69.9583 2014_8_26 45.586516853932594
170 18.8167,-69.05 312550.0 14314.0 18.7762,-70.6357 2014_8_26 78.60695822271903
171 18.85,-69.2333 264711.0 12583.0 19.075,-70.5667 2014_8_26 75.73389493761424
172 18.4583,-70.0833 191625.0 9796.0 18.6222,-71.2111 2014_8_26 70.4216006533279
173 18.4833,-69.9 27419.0 1465.0 18.4667,-69.825 2014_8_26 67.37774744027304
174 18.4667,-69.825 168197.0 8244.0 19.15,-70.7 2014_8_26 73.44847161572055
175 18.4917,-70.0833 36615.0 2365.0 18.4833,-69.9 2014_8_26 55.7353065539112
176 18.5,-70.0167 183613.0 7501.0 19.5833,-70.9833 2014_8_26 88.12249033462204
177 18.425,-70.0 80543.0 3804.0 18.7667,-70.3267 2014_8_26 76.22365930599369
178 18.7762,-70.6357 171672.0 8093.0 18.4917,-69.9292 2014_8_26 76.36466081799088
179 18.4917,-70.0833 37493.0 2354.0 18.4667,-69.9 2014_8_26 57.33848768054376
180 18.5,-69.9 49894.0 3158.0 18.8167,-70.05 2014_8_26 56.877264091196956
181 18.5,-69.8333 8670.0 1001.0 18.5,-69.9 2014_8_26 31.180819180819178
182 18.7667,-69.4667 77387.0 4039.0 18.5,-69.8167 2014_8_26 68.97578608566478
183 18.5333,-70.4833 103636.0 5195.0 18.4833,-69.9 2014_8_26 71.81705486044271
184 18.5,-69.8167 116902.0 5774.0 18.85,-69.2333 2014_8_26 72.88659508139938
185 18.4667,-69.8167 25622.0 1742.0 18.4867,-70.0133 2014_8_26 52.95017221584386
186 18.5028,-69.9139 158714.0 7869.0 19.15,-70.7 2014_8_26 72.61029355699581
187 18.55,-69.95 12522.0 1063.0 18.5,-69.9333 2014_8_26 42.407525870178745
188 18.4667,-69.8667 15610.0 1325.0 18.55,-69.8125 2014_8_26 42.41207547169811
189 18.7667,-70.3267 50652.0 3268.0 18.5333,-70.4833 2014_8_26 55.79779681762547
190 18.7667,-70.3267 80708.0 3637.0 18.5,-69.8833 2014_8_26 79.88693978553755
191 18.4917,-70.0833 37271.0 2424.0 18.5,-69.9167 2014_8_26 55.352970297029714
192 18.85,-69.2333 121346.0 6105.0 18.4833,-69.9 2014_8_26 71.55538083538084
193 18.4667,-70.0 82513.0 3907.0 18.45,-70.4667 2014_8_26 76.02938315843356
194 18.0,-71.2167 220676.0 11886.0 18.5,-69.9167 2014_8_26 66.83775870772337
195 18.5167,-70.0 45881.0 3118.0 18.8,-70.0333 2014_8_26 52.9735728030789
196 18.4556,-69.95 192947.0 9588.0 18.7333,-71.1833 2014_8_26 72.44568210262828
197 18.4867,-70.0133 13766.0 1492.0 18.45,-69.9333 2014_8_26 33.21554959785523
198 18.55,-69.8125 301742.0 13773.0 19.7667,-71.5833 2014_8_26 78.86961446307994
199 18.5028,-69.9139 7792.0 792.0 18.4556,-69.95 2014_8_26 35.41818181818182
200 18.7762,-70.6357 169368.0 8450.0 18.4917,-70.0833 2014_8_26 72.15678106508875
201 18.55,-69.8125 24253.0 1682.0 18.45,-69.95 2014_8_26 51.9089179548157
202 18.4667,-69.9 8561.0 814.0 18.4667,-69.95 2014_8_26 37.86191646191647
203 18.4667,-69.9 128640.0 7284.0 18.58,-70.6767 2014_8_26 63.57825370675455
204 18.4667,-69.9 13483.0 1086.0 18.4833,-70.0 2014_8_26 44.69502762430939
205 18.6222,-71.2111 200291.0 9988.0 18.4278,-70.0 2014_8_26 72.19138966760113
206 19.1944,-70.3889 121238.0 6057.0 18.6,-70.0333 2014_8_26 72.05824665676077
207 19.075,-70.5667 29939.0 2829.0 19.15,-70.7 2014_8_26 38.098409331919406
208 18.5167,-69.85 161486.0 7639.0 19.1333,-70.6667 2014_8_26 76.10284068595368
209 18.7333,-71.1833 290518.0 15325.0 19.1333,-70.6667 2014_8_26 68.24566394779771
210 18.5,-69.8333 15375.0 1231.0 18.4667,-69.95 2014_8_26 44.9634443541836
211 19.15,-70.7 159875.0 7761.0 18.5,-69.8833 2014_8_26 74.15925782759955
212 18.4667,-69.8333 220475.0 11029.0 18.6222,-71.2111 2014_8_26 71.96572672046423
213 19.3367,-71.3267 271049.0 13539.0 18.5667,-69.9167 2014_8_26 72.07152670064258
214 18.45,-70.4667 172304.0 7980.0 18.7667,-69.4667 2014_8_26 77.73112781954887
215 18.4833,-69.8833 107179.0 5466.0 18.5333,-70.4833 2014_8_26 70.58990120746434
216 18.65,-69.75 37170.0 2235.0 18.525,-69.8917 2014_8_26 59.87114093959732
217 18.4,-70.3333 88991.0 6582.0 18.4833,-69.85 2014_8_26 48.67329079307202
218 18.4667,-69.9 12600.0 713.0 18.4278,-70.0 2014_8_26 63.61851332398317
219 18.7218,-70.2474 222961.0 11567.0 18.7333,-71.1833 2014_8_26 69.39220195383419
220 19.3333,-71.45 269916.0 12886.0 18.4917,-70.0833 2014_8_26 75.40723265559522
221 18.5333,-69.85 7569.0 788.0 18.55,-69.8125 2014_8_26 34.579187817258884
222 18.45,-69.9333 8820.0 636.0 18.425,-70.0 2014_8_26 49.924528301886795
223 18.5167,-70.15 23588.0 1347.0 18.6667,-70.15 2014_8_26 63.04142538975501
224 18.5,-69.8167 141522.0 6085.0 19.15,-70.2833 2014_8_26 83.72706655710762
225 18.7333,-71.1833 234573.0 11465.0 18.65,-69.75 2014_8_26 73.65571740078502
226 18.65,-69.75 43512.0 2301.0 18.4667,-69.95 2014_8_26 68.07614080834418
227 19.1333,-70.6667 82280.0 4999.0 18.7762,-70.6357 2014_8_26 59.253450690138024
228 19.15,-70.2833 108303.0 5911.0 18.5917,-69.8944 2014_8_26 65.9602097783793
229 19.85,-71.65 368507.0 16070.0 18.7278,-69.3944 2014_8_26 82.55290603609208
230 18.7667,-70.3267 80708.0 3637.0 18.5,-69.8833 2014_8_26 79.88693978553755
231 18.0,-71.2167 246814.0 12959.0 18.4667,-69.825 2014_8_26 68.56473493325103
232 19.15,-70.2833 201843.0 9887.0 19.7667,-71.5833 2014_8_26 73.49396176797815
233 18.5167,-70.0 18637.0 1186.0 18.5028,-69.9139 2014_8_26 56.57099494097808
234 18.4278,-70.0 134639.0 6587.0 18.9667,-70.7 2014_8_26 73.58439350235312
235 19.7667,-71.5833 281581.0 12656.0 18.5333,-69.9833 2014_8_26 80.09573324905185
236 18.7333,-71.1833 294757.0 15915.0 19.15,-70.7 2014_8_26 66.67453345900094
237 19.15,-70.2833 90484.0 3849.0 18.6667,-70.15 2014_8_26 84.63039750584569
238 18.4833,-69.9333 4604.0 863.0 18.45,-69.9333 2014_8_26 19.20556199304751
239 18.5,-69.8833 39014.0 1637.0 18.6167,-70.1833 2014_8_26 85.79743433109347
240 18.45,-69.9333 6022.0 615.0 18.4667,-69.9 2014_8_26 35.25073170731707
241 18.55,-69.8125 23082.0 1564.0 18.4556,-69.95 2014_8_26 53.12992327365729
242 19.3333,-71.45 248250.0 13420.0 18.7762,-70.6357 2014_8_26 66.5946348733234
243 18.6,-70.0333 274245.0 14848.0 19.1,-71.6333 2014_8_26 66.4925915948276
244 18.5,-69.9333 13877.0 1250.0 18.4867,-70.0133 2014_8_26 39.965759999999996
245 18.4917,-70.0833 33289.0 2181.0 18.45,-69.9333 2014_8_26 54.9474552957359
246 18.45,-70.4667 124988.0 5883.0 18.65,-69.75 2014_8_26 76.48424273329934
247 18.0,-71.2167 229732.0 12327.0 18.5,-69.8167 2014_8_26 67.09136042832806
248 18.6667,-70.15 226154.0 11127.0 18.8667,-71.25 2014_8_26 73.16926395254785
249 18.45,-69.95 171784.0 8306.0 18.7762,-70.6357 2014_8_26 74.45490007223694
250 18.7333,-71.1833 215707.0 11267.0 18.5917,-69.8944 2014_8_26 68.92209106239461
251 18.65,-69.75 32156.0 1790.0 18.4667,-69.8167 2014_8_26 64.6712849162011
252 18.4278,-70.0 14186.0 892.0 18.4722,-69.9167 2014_8_26 57.25291479820629
253 18.4667,-69.825 19738.0 1196.0 18.4833,-69.9833 2014_8_26 59.41204013377926
254 18.6222,-71.2111 262932.0 13502.0 18.8167,-70.05 2014_8_26 70.10481410161458
255 18.4333,-70.0 7812.0 826.0 18.4667,-70.0 2014_8_26 34.047457627118646
256 19.85,-71.65 283976.0 12562.0 18.5667,-69.9167 2014_8_26 81.3814360770578
257 18.3722,-70.3722 74884.0 4626.0 18.5028,-69.9139 2014_8_26 58.27548638132296
258 19.7667,-71.5833 286067.0 14214.0 18.5333,-70.4833 2014_8_26 72.45259603208105
259 19.075,-70.5667 174846.0 8406.0 18.65,-69.75 2014_8_26 74.88051391862955
260 18.4667,-69.9 90198.0 4407.0 18.45,-70.4667 2014_8_26 73.68114363512595
261 18.4667,-69.9333 256677.0 12744.0 19.3367,-71.3267 2014_8_26 72.50762711864407
262 18.5,-69.8167 12562.0 1244.0 18.55,-69.9 2014_8_26 36.353054662379435
263 19.1333,-70.6667 151683.0 7250.0 18.45,-69.9333 2014_8_26 75.31845517241379
264 18.7762,-70.6357 175287.0 8397.0 18.4278,-70.0 2014_8_26 75.14983922829582
265 18.5028,-69.9139 14105.0 1145.0 18.5,-69.8167 2014_8_26 44.34759825327511
266 18.5917,-69.8944 29108.0 2419.0 18.4278,-70.0 2014_8_26 43.31905746176106
267 18.5,-69.8167 174490.0 8018.0 19.4333,-70.4 2014_8_26 78.34422549264157
268 18.45,-69.9333 21312.0 1587.0 18.4583,-70.0833 2014_8_26 48.34480151228734
269 18.5083,-69.9361 7295.0 919.0 18.4667,-69.95 2014_8_26 28.576713819368877
270 18.45,-70.4667 38441.0 2877.0 18.58,-70.6767 2014_8_26 48.101355578727855
271 18.5,-69.8833 18283.0 1139.0 18.5,-70.0167 2014_8_26 57.78647936786655
272 18.6,-70.0333 49158.0 2841.0 18.4667,-69.7833 2014_8_26 62.2910242872228
273 18.4833,-69.9833 42364.0 2437.0 18.65,-69.75 2014_8_26 62.5812064013131
274 18.4556,-69.95 76892.0 5926.0 18.4,-70.3333 2014_8_26 46.71130610867364
275 18.5333,-69.85 8030.0 715.0 18.4833,-69.8333 2014_8_26 40.43076923076923
276 18.4667,-69.7833 16703.0 1060.0 18.4722,-69.9167 2014_8_26 56.727169811320756
277 18.8,-70.0333 51778.0 3645.0 18.45,-69.9333 2014_8_26 51.13876543209877
278 18.4833,-69.85 138257.0 5836.0 19.15,-70.2833 2014_8_26 85.28533241946539
279 18.5333,-69.85 12606.0 1289.0 18.4833,-69.9 2014_8_26 35.20682699767261
280 18.7667,-70.9 142242.0 9078.0 19.1,-71.6333 2014_8_26 56.407931262392594
281 19.15,-70.7 179045.0 8758.0 18.4667,-69.7833 2014_8_26 73.59693994062572
282 18.45,-69.9333 9453.0 786.0 18.4333,-70.0 2014_8_26 43.29618320610688
283 18.4667,-69.95 66658.0 4157.0 18.3722,-70.3722 2014_8_26 57.72643733461632
284 18.0,-71.2167 311801.0 15895.0 18.7278,-69.3944 2014_8_26 70.618659955961
285 18.4833,-69.9 16943.0 1321.0 18.55,-69.8125 2014_8_26 46.17320211960636
286 18.525,-69.8917 13845.0 1666.0 18.5167,-69.85 2014_8_26 29.917166866746697
287 18.4722,-69.9167 70327.0 4287.0 18.3722,-70.3722 2014_8_26 59.05696291112667
288 18.7762,-70.6357 175302.0 8564.0 18.4667,-69.9 2014_8_26 73.69070527790754
289 18.5,-69.8167 18423.0 1564.0 18.5083,-69.9361 2014_8_26 42.40588235294118
290 18.8,-70.0333 55946.0 3647.0 18.45,-69.9833 2014_8_26 55.22500685494927
291 19.2833,-71.4 279079.0 14226.0 18.45,-69.9333 2014_8_26 70.62311261071278
292 18.45,-70.4667 89175.0 4230.0 18.4917,-69.9292 2014_8_26 75.8936170212766
293 18.4278,-70.0 8992.0 597.0 18.45,-69.9333 2014_8_26 54.22311557788945
294 19.2833,-71.4 281317.0 14312.0 18.4667,-69.9 2014_8_26 70.7616825041923
295 18.4833,-69.9833 5046.0 599.0 18.45,-69.9833 2014_8_26 30.32654424040066
296 18.4833,-69.8333 140042.0 5486.0 19.2833,-70.5667 2014_8_26 91.8977761574918
297 18.4917,-70.0833 25065.0 1757.0 18.4278,-70.0 2014_8_26 51.35685828116107
298 18.4667,-69.95 44625.0 2369.0 18.65,-69.75 2014_8_26 67.81342338539471
299 18.45,-70.4667 105966.0 5312.0 18.55,-69.8125 2014_8_26 71.81430722891567
300 18.5028,-69.9139 175368.0 8339.0 18.7762,-70.6357 2014_8_26 75.70749490346564
301 18.5333,-70.0667 230104.0 12551.0 18.0,-71.2167 2014_8_26 66.00066926938092
302 18.7667,-70.3267 74180.0 3574.0 18.5083,-69.9361 2014_8_26 74.71964185786234
303 18.6222,-71.2111 161837.0 9109.0 18.3722,-70.3722 2014_8_26 63.96017125919421
304 18.4917,-69.9292 3296.0 534.0 18.5028,-69.9139 2014_8_26 22.220224719101125
305 18.7762,-70.6357 176921.0 8593.0 18.4333,-70.0 2014_8_26 74.12028395205401
306 18.7667,-70.0333 46678.0 2885.0 18.5,-69.8167 2014_8_26 58.24637781629117
307 18.6667,-70.15 64634.0 3035.0 18.4667,-69.7833 2014_8_26 76.66635914332785
308 18.5028,-69.9139 27703.0 1890.0 18.6,-70.0333 2014_8_26 52.76761904761905
309 18.7762,-70.6357 175306.0 8470.0 18.425,-70.0 2014_8_26 74.51022432113342
310 18.45,-69.9333 50260.0 2354.0 18.7218,-70.2474 2014_8_26 76.86321155480034
311 18.4833,-69.8333 13708.0 964.0 18.4833,-69.9333 2014_8_26 51.19170124481328
312 18.4917,-70.0833 29418.0 2155.0 18.4867,-70.0133 2014_8_26 49.14375870069605
313 19.075,-70.5667 131830.0 7300.0 18.8167,-70.05 2014_8_26 65.01205479452054
314 18.4667,-69.7833 18800.0 1380.0 18.4917,-69.9292 2014_8_26 49.04347826086957
315 18.6167,-70.1833 115368.0 6935.0 18.58,-70.6767 2014_8_26 59.88821917808219
316 19.5833,-70.9833 186673.0 8006.0 18.5985,-70.0136 2014_8_26 83.93989507869098
317 18.4722,-69.9167 102010.0 5127.0 18.5333,-70.4833 2014_8_26 71.62785254534816
318 18.5167,-70.65 106119.0 5964.0 18.4867,-70.0133 2014_8_26 64.05573440643863
319 18.4667,-69.825 168197.0 8244.0 19.15,-70.7 2014_8_26 73.44847161572055
320 18.55,-70.1167 35771.0 2042.0 18.5083,-69.9361 2014_8_26 63.06346718903037
321 18.4667,-69.8333 45698.0 2834.0 18.4917,-70.0833 2014_8_26 58.04968242766409
322 18.4167,-70.0 38186.0 2073.0 18.6167,-70.1833 2014_8_26 66.31432706222866
323 18.55,-69.8125 283465.0 13690.0 19.3333,-71.45 2014_8_26 74.54156318480642
324 18.4722,-69.9167 94679.0 4599.0 18.7278,-69.3944 2014_8_26 74.11272015655578
325 18.55,-69.8125 156402.0 7884.0 19.075,-70.5667 2014_8_26 71.41643835616439
326 18.4583,-70.0833 16848.0 1601.0 18.4917,-70.0833 2014_8_26 37.8843222985634
327 18.5,-69.8333 140754.0 5769.0 19.2833,-70.5667 2014_8_26 87.83400936037441
328 18.6,-70.5 94512.0 4903.0 18.4917,-70.0833 2014_8_26 69.39490108097083
329 18.5667,-69.9167 115419.0 6266.0 18.5333,-70.4833 2014_8_26 66.31158633897222
330 18.45,-70.4667 62654.0 3594.0 18.7667,-70.3267 2014_8_26 62.7585976627713
331 18.45,-69.9333 10708.0 984.0 18.5,-69.8833 2014_8_26 39.17560975609757
332 19.15,-70.2833 267623.0 13711.0 18.7333,-71.1833 2014_8_26 70.26787251112246
333 18.5,-69.8167 14672.0 1204.0 18.5,-69.9167 2014_8_26 43.86976744186047
334 18.7333,-71.1833 202059.0 10108.0 18.5028,-69.9139 2014_8_26 71.96402849228335
335 18.4667,-69.9 199268.0 9981.0 18.7333,-71.1833 2014_8_26 71.87303877366999
336 18.425,-70.0 15169.0 1057.0 18.4667,-69.9 2014_8_26 51.6635761589404
337 18.6,-70.15 50730.0 2756.0 18.5667,-69.9167 2014_8_26 66.26560232220609
338 19.15,-70.7 150195.0 7255.0 18.4833,-69.9667 2014_8_26 74.52818745692628
339 18.5028,-69.9139 16261.0 1185.0 18.4278,-70.0 2014_8_26 49.400506329113924
340 18.5028,-69.9139 223451.0 12268.0 18.0,-71.2167 2014_8_26 65.57088359960872
341 18.7333,-71.1833 218230.0 11093.0 18.7218,-70.2474 2014_8_26 70.82195979446497
342 18.55,-70.1167 132657.0 6375.0 19.1333,-70.6667 2014_8_26 74.91218823529411
343 18.4722,-69.9167 58775.0 2637.0 18.45,-69.4167 2014_8_26 80.23890784982935
344 18.4833,-69.9833 217550.0 10276.0 19.4583,-71.05 2014_8_26 76.21448034254574
345 19.25,-70.4 143842.0 6946.0 18.4583,-70.0833 2014_8_26 74.55099337748345
346 18.4278,-70.0 29110.0 2527.0 18.5917,-69.8944 2014_8_26 41.470518401266325
347 18.7218,-70.2474 126614.0 6274.0 18.3722,-70.3722 2014_8_26 72.65068536818617
348 18.7218,-70.2474 72900.0 3022.0 18.5028,-69.9139 2014_8_26 86.84315023163471
349 18.5167,-70.65 63311.0 4687.0 18.3722,-70.3722 2014_8_26 48.62803499039897
350 19.4583,-71.05 215542.0 11249.0 18.8167,-70.05 2014_8_26 68.97957151746822
351 18.7218,-70.2474 72900.0 3022.0 18.5028,-69.9139 2014_8_26 86.84315023163471
352 18.5028,-69.9139 48014.0 3080.0 18.8167,-70.05 2014_8_26 56.12025974025974
353 18.55,-69.8125 82589.0 4198.0 18.7278,-69.3944 2014_8_26 70.82429728442116
354 18.6667,-70.15 43734.0 2038.0 18.4278,-70.0 2014_8_26 77.25338567222771
355 18.4,-70.3333 82359.0 6181.0 18.4917,-69.9292 2014_8_26 47.968354635172304
356 19.1333,-70.6667 167858.0 10114.0 18.58,-70.6767 2014_8_26 59.747755586316
357 18.4833,-69.9 37737.0 2550.0 18.4917,-70.0833 2014_8_26 53.27576470588235
358 18.7667,-69.4667 242243.0 11705.0 19.15,-70.7 2014_8_26 74.50446817599318
359 18.425,-70.0 260112.0 13152.0 19.3367,-71.3267 2014_8_26 71.1985401459854
360 18.5333,-69.85 26591.0 1359.0 18.65,-69.75 2014_8_26 70.43973509933775
361 18.4722,-69.9167 157613.0 7732.0 19.15,-70.7 2014_8_26 73.3842214174858
362 19.4583,-71.05 221552.0 12525.0 18.8333,-69.8333 2014_8_26 63.67961676646706
363 18.45,-69.9833 190966.0 7876.0 19.5833,-70.9833 2014_8_26 87.28765871000509
364 18.5,-69.9333 98699.0 4947.0 19.0333,-70.3 2014_8_26 71.82462098241359
365 18.5083,-69.9361 94532.0 4280.0 18.5167,-69.2167 2014_8_26 79.51289719626169
366 18.5083,-69.9361 128436.0 7383.0 18.58,-70.6767 2014_8_26 62.62624949207639
367 18.4667,-69.7833 16703.0 1060.0 18.4722,-69.9167 2014_8_26 56.727169811320756
368 18.45,-69.9333 257526.0 12975.0 19.3367,-71.3267 2014_8_26 71.45230057803468
369 18.4583,-70.0833 202681.0 8645.0 19.5833,-70.9833 2014_8_26 84.40157316367842
370 18.6,-70.5 112931.0 5615.0 18.5333,-69.9833 2014_8_26 72.40455921638468
371 18.45,-69.9833 16070.0 1092.0 18.4667,-69.9 2014_8_26 52.97802197802198
372 18.4556,-69.95 23039.0 1724.0 18.55,-69.8125 2014_8_26 48.109280742459404
373 18.5083,-69.9361 77991.0 3496.0 18.7667,-70.3267 2014_8_26 80.31109839816935
374 19.7667,-71.5833 300297.0 13688.0 18.5667,-69.9167 2014_8_26 78.97933956750438
375 19.2833,-70.5667 134184.0 5195.0 18.5,-69.8833 2014_8_26 92.98602502406159
376 18.4667,-69.9333 21014.0 1533.0 18.55,-69.8125 2014_8_26 49.34794520547946
377 18.4833,-69.8833 19232.0 1212.0 18.5167,-70.0167 2014_8_26 57.12475247524753
378 19.1,-71.6333 262708.0 13994.0 18.4833,-69.9 2014_8_26 67.58244962126625
379 18.7218,-70.2474 70820.0 2808.0 18.4917,-69.9 2014_8_26 90.79487179487178
380 18.3722,-70.3722 197809.0 11256.0 19.15,-70.7 2014_8_26 63.26513859275053
381 19.4333,-70.4 156025.0 7161.0 18.4667,-70.0 2014_8_26 78.43736908253038
382 19.3833,-71.65 290787.0 13461.0 18.4667,-70.0 2014_8_26 77.76786271450858
383 18.45,-69.4167 59649.0 2593.0 18.4722,-69.9167 2014_8_26 82.81388353258774
384 19.0333,-70.3 100059.0 4935.0 18.4278,-70.0 2014_8_26 72.99136778115502
385 18.5,-69.9167 15922.0 1185.0 18.4278,-70.0 2014_8_26 48.370632911392406
386 18.4556,-69.95 98502.0 4804.0 18.7278,-69.3944 2014_8_26 73.81498751040799
387 18.65,-69.75 42848.0 2154.0 18.4556,-69.95 2014_8_26 71.61225626740949
388 18.3722,-70.3722 77497.0 4758.0 18.4833,-69.8667 2014_8_26 58.63581336696091
389 18.5333,-69.9833 17317.0 1372.0 18.4722,-69.9167 2014_8_26 45.43819241982506
390 18.5,-69.8167 2031.0 374.0 18.5,-69.8333 2014_8_26 19.549732620320857
391 18.9,-70.2833 76485.0 3169.0 18.4833,-69.9 2014_8_26 86.88734616598299
392 18.4667,-69.95 7712.0 1018.0 18.5083,-69.9361 2014_8_26 27.272298624754423
393 18.5083,-69.9361 36926.0 2562.0 18.4917,-70.0833 2014_8_26 51.88665105386417
394 18.4833,-69.8333 144392.0 6527.0 19.25,-70.4 2014_8_26 79.64014095296459
395 18.7333,-71.1833 199342.0 9957.0 18.5,-69.9333 2014_8_26 72.07303404639951
396 18.5167,-69.2167 83196.0 3639.0 18.5,-69.8167 2014_8_26 82.30436933223413
397 19.5833,-70.9833 195856.0 7844.0 18.4833,-69.9333 2014_8_26 89.88801631820498
398 18.6,-70.5167 157783.0 8013.0 18.7333,-71.1833 2014_8_26 70.88715836765256
399 19.4833,-70.7333 159486.0 6721.0 18.45,-69.9333 2014_8_26 85.42621633685467
400 18.65,-69.75 32908.0 1675.0 18.4833,-69.8667 2014_8_26 70.72764179104477
401 19.7667,-71.5833 235415.0 10946.0 18.7667,-70.3267 2014_8_26 77.42499543212132
402 18.4833,-69.9833 217655.0 11720.0 18.0,-71.2167 2014_8_26 66.85648464163822
403 18.55,-69.8125 15261.0 1017.0 18.65,-69.75 2014_8_26 54.0212389380531
404 19.075,-70.5667 110022.0 5883.0 19.5833,-70.9833 2014_8_26 67.3260581336053
405 18.55,-69.8125 14870.0 1416.0 18.4833,-69.9 2014_8_26 37.80508474576271
406 18.5083,-69.9361 216217.0 9821.0 19.8,-70.7 2014_8_26 79.25681702474292
407 18.5167,-70.65 178638.0 10917.0 19.1,-71.6333 2014_8_26 58.90783182192912
408 18.6881,-69.9905 25265.0 1566.0 18.55,-69.8667 2014_8_26 58.080459770114935
409 18.4833,-70.05 22924.0 2208.0 18.525,-69.8917 2014_8_26 37.37608695652174
410 18.5333,-70.4833 195418.0 9262.0 18.7278,-69.3944 2014_8_26 75.95603541351761
411 18.525,-69.8917 8764.0 1026.0 18.4917,-69.9 2014_8_26 30.75087719298245
412 18.8167,-70.05 59135.0 3599.0 18.65,-69.75 2014_8_26 59.151430953042535
413 18.5028,-69.9139 200739.0 10188.0 18.7333,-71.1833 2014_8_26 70.93250883392226
414 18.5028,-69.9139 111263.0 6056.0 19.15,-69.75 2014_8_26 66.14048877146632
415 18.45,-69.9333 129370.0 5691.0 19.15,-70.2833 2014_8_26 81.83658408012651
416 18.8167,-70.05 47274.0 2854.0 18.55,-69.95 2014_8_26 59.630833917309026
417 18.4833,-69.9667 105993.0 5038.0 18.6,-70.5 2014_8_26 75.73934100833665
418 18.3722,-70.3722 86003.0 5100.0 18.5333,-69.85 2014_8_26 60.70800000000001
419 18.4667,-69.7833 21749.0 1611.0 18.4917,-69.9583 2014_8_26 48.601117318435755
420 18.4,-70.3333 76758.0 5824.0 18.4833,-70.0 2014_8_26 47.44656593406593
421 18.4667,-69.9 47235.0 2370.0 18.6667,-70.15 2014_8_26 71.7493670886076
422 18.45,-69.9333 8555.0 951.0 18.4833,-69.9833 2014_8_26 32.38485804416404
423 18.4833,-69.85 31179.0 1973.0 18.4583,-70.0833 2014_8_26 56.89021794221997
424 18.4833,-69.8333 135065.0 7467.0 18.58,-70.6767 2014_8_26 65.11771795901969
425 18.5028,-69.9139 200745.0 10441.0 18.8667,-71.25 2014_8_26 69.21578392874247
426 18.5667,-69.9167 12238.0 1202.0 18.5,-69.9333 2014_8_26 36.652911813643925
427 18.4583,-70.0833 91495.0 4581.0 18.6,-70.5 2014_8_26 71.90176817288801
428 18.4867,-70.0133 185484.0 7738.0 19.5833,-70.9833 2014_8_26 86.2939260790902
429 18.45,-70.0833 191625.0 9796.0 18.6222,-71.2111 2014_8_26 70.4216006533279
430 18.5028,-69.9139 113248.0 5649.0 18.6,-70.5 2014_8_26 72.17079129049391
431 18.6222,-71.2111 303623.0 14663.0 18.7278,-69.3944 2014_8_26 74.54428152492669
432 18.4917,-69.9292 197743.0 9968.0 18.7333,-71.1833 2014_8_26 71.41601123595505
433 19.25,-70.4 64931.0 4659.0 19.075,-70.5667 2014_8_26 50.17205408886027
434 18.4278,-70.0 41790.0 2209.0 18.4667,-69.825 2014_8_26 68.10502489814397
435 18.65,-69.75 42790.0 2402.0 18.45,-69.9333 2014_8_26 64.13155703580351
436 18.5028,-69.9139 4222.0 581.0 18.4722,-69.9167 2014_8_26 26.160413080895015
437 18.7333,-71.1833 187684.0 9299.0 18.4278,-70.0 2014_8_26 72.65968383697171
438 19.05,-70.15 112048.0 5309.0 18.5028,-69.9139 2014_8_26 75.97905443586363
439 18.45,-69.9333 14364.0 1311.0 18.5,-70.0167 2014_8_26 39.44347826086957
440 18.7762,-70.6357 227936.0 10642.0 18.5333,-69.5083 2014_8_26 77.10670926517571
441 18.65,-69.75 38935.0 2191.0 18.5028,-69.9139 2014_8_26 63.97352806937472
442 19.7667,-71.5833 199694.0 11156.0 19.15,-70.7 2014_8_26 64.44051631409108
443 18.5167,-69.9667 10019.0 1320.0 18.4722,-69.9167 2014_8_26 27.32454545454545
444 18.4583,-70.0833 16611.0 1451.0 18.4867,-70.0133 2014_8_26 41.212680909717434
445 18.4278,-70.0 24708.0 1577.0 18.5,-69.8167 2014_8_26 56.403804692454045
446 18.5,-69.8167 18932.0 1406.0 18.4833,-69.9667 2014_8_26 48.47453769559034
447 18.55,-69.8125 23233.0 1779.0 18.4833,-69.9833 2014_8_26 47.01450252951096
448 18.4722,-69.9167 6277.0 763.0 18.5,-69.8833 2014_8_26 29.616251638269983
449 19.15,-70.7 213794.0 11076.0 18.3722,-70.3722 2014_8_26 69.48884073672806
450 18.6,-70.0333 34284.0 2134.0 18.4833,-69.8333 2014_8_26 57.8361761949391
451 18.45,-69.9333 152774.0 7409.0 19.1333,-70.6667 2014_8_26 74.23220407612364
452 18.58,-70.6767 283255.0 15603.0 19.3333,-71.45 2014_8_26 65.35397039030957
453 18.4917,-69.9292 155718.0 7649.0 19.15,-70.7 2014_8_26 73.28863903778272
454 18.4667,-69.9 47235.0 2370.0 18.6667,-70.15 2014_8_26 71.7493670886076
455 18.8,-70.0333 46323.0 3010.0 18.4917,-69.9292 2014_8_26 55.40292358803987
456 18.45,-69.95 285180.0 12782.0 19.7667,-71.5833 2014_8_26 80.3198247535597
457 19.15,-70.7 153348.0 7698.0 18.5083,-69.9361 2014_8_26 71.71379579111458
458 18.425,-70.0 70540.0 3597.0 18.5333,-69.5083 2014_8_26 70.59883236030025
459 18.7667,-70.0333 47990.0 3422.0 18.4667,-69.95 2014_8_26 50.486265341905316
460 18.6881,-69.9905 65739.0 4289.0 18.4917,-70.0833 2014_8_26 55.17845651667055
461 19.075,-70.5667 153451.0 7540.0 18.5333,-69.85 2014_8_26 73.26572944297081
462 18.5,-69.9167 6517.0 907.0 18.525,-69.8917 2014_8_26 25.86681367144433
463 18.5,-69.9167 258553.0 12807.0 19.3367,-71.3267 2014_8_26 72.67828531271961
464 18.4833,-69.9333 285789.0 13070.0 19.5667,-71.7167 2014_8_26 78.71770466717673
465 18.5,-69.8833 93702.0 4613.0 18.7278,-69.3944 2014_8_26 73.12534142640364
466 19.075,-70.5667 102915.0 5188.0 18.6667,-70.15 2014_8_26 71.4136468774094
