 destination distance_m duration_s origin v_ave_kmph
0 55234 818691.0 34936.0 39291 84.36247996336158
1 65191 1709094.0 66916.0 22607 91.94719349632376
2 19217 513005.0 17597.0 7987 104.95073023810879
3 66978 2589412.0 103112.0 95359 90.40541547055628
4 49328 1494468.0 48750.0 73104 110.36071384615386
5 26345 3155092.0 104938.0 19065 108.23849511139912
6 54296 1861353.0 74650.0 16792 89.763841929002
7 37308 1359965.0 46333.0 54657 105.66710551874478
8 54426 1318944.0 42750.0 74366 111.06896842105265
9 76835 1668878.0 59086.0 60486 101.68163016619845
10 26382 534271.0 18157.0 97506 105.93025279506529
11 77796 834558.0 27539.0 24790 109.09651040342787
12 1723 2096548.0 67644.0 39517 111.57786056412985
13 25597 6166718.0 239129.0 18574 92.83769346252441
14 18109 4585366.0 146345.0 94110 112.79727766578974
15 4617 5392724.0 177580.0 98530 109.32428426624621
16 71549 2119151.0 86267.0 6773 88.43408951279167
17 1994 730733.0 23289.0 57635 112.9562797887415
18 24364 186469.0 7949.0 19258 84.44941502075731
19 99441 2047180.0 82771.0 69231 89.03901124790085
20 98660 1638064.0 55873.0 92345 105.54347180212268
21 4849 53110.0 3304.0 4860 57.868038740920106
22 29478 5468402.0 215143.0 25869 91.50308027683914
23 17166 752741.0 23702.0 85604 114.33075689815205
24 29549 6104418.0 232316.0 56814 94.59488283200469
25 26670 2841918.0 106423.0 49624 96.1343393815247
26 24805 349218.0 12223.0 18574 102.85402928904524
27 99518 6117034.0 246910.0 74931 89.18764894090964
28 55234 4645296.0 218071.0 17139 76.68633426727995
29 59269 692792.0 22143.0 29473 112.63384365262158
30 50767 244547.0 8168.0 31737 107.78271302644464
31 6449 2320940.0 94609.0 91471 88.31489604583072
32 17375 51470.0 2575.0 17129 71.95805825242721
33 2894 1828847.0 60904.0 35043 108.10208196505975
34 87672 261414.0 9604.0 94377 97.98942107455228
35 91620 1971163.0 90152.0 2694 78.71358150678854
36 72285 3245208.0 112596.0 24980 103.75811574123415
37 39291 4992658.0 196354.0 99444 91.53655540503378
38 6193 4094600.0 140751.0 15517 104.72792378029284
39 37308 1359975.0 44255.0 73111 110.62953338605809
40 74639 4452294.0 178886.0 84435 89.60040696309382
41 6618 334508.0 11265.0 17209 106.90002663115848
42 76356 1584619.0 55305.0 50739 103.14851098454027
43 82349 1953323.0 66241.0 91580 106.15725608007126
44 31711 778038.0 26935.0 27616 103.9887432708372
45 23847 4664964.0 149979.0 98639 111.97481247374633
46 93185 1361833.0 49153.0 6618 99.74159868166744
47 31552 1921104.0 64700.0 67150 106.89295826893354
48 49477 1172349.0 41837.0 7616 100.87856203838707
49 27624 2190434.0 75790.0 56291 104.04489246602456
50 94529 4171250.0 133529.0 16259 112.4587168330475
51 19300 6062676.0 307064.0 38170 71.07845139775422
52 66649 468638.0 15704.0 99735 107.43102394294444
53 6425 5495918.0 210562.0 15518 93.9642708560899
54 36208 1935269.0 74718.0 99713 93.24350758853286
55 17089 1788048.0 59662.0 51645 107.89066407428514
56 74369 2785519.0 89345.0 83536 112.23760031339191
57 83735 3970382.0 127124.0 7646 112.43648091627071
58 44651 1480076.0 52131.0 56288 102.2093111584278
59 39240 769462.0 25986.0 34327 106.59829138767029
60 24354 678705.0 22460.0 35260 108.78619768477293
61 4565 1962303.0 67353.0 37355 104.88457529731414
62 39638 1089438.0 37085.0 78579 105.75641903734665
63 66879 5610008.0 213803.0 56865 94.46092337338577
64 57629 6324439.0 242487.0 9246 93.89361244107931
65 39221 5130892.0 199479.0 77756 92.597271893282
66 55758 2751422.0 94671.0 4860 104.62675159235668
67 17214 513328.0 19161.0 6794 96.44490371066229
68 39264 883504.0 42312.0 8134 75.17050482132728
69 73557 1345283.0 45878.0 37359 105.562988796373
70 37345 1462298.0 49823.0 78652 105.65949059671236
71 54673 1373322.0 52905.0 86579 93.44975333144316
72 16845 3134572.0 102396.0 83112 110.20410172272354
73 91720 2852254.0 110235.0 86462 93.14749761872363
74 14059 3954532.0 135607.0 38836 104.98215578841801
75 20357 536184.0 18801.0 54570 102.66807084729535
76 99869 448711.0 16738.0 83132 96.50851953638428
77 86356 2336306.0 93634.0 21481 89.82529423072815
78 55490 3267017.0 113055.0 41749 104.03132280748308
79 99518 5389521.0 223699.0 54619 86.73385039718548
80 39606 3758090.0 131108.0 46119 103.19068249077095
81 53562 3220657.0 101605.0 94262 114.11215196102556
82 21726 381004.0 14896.0 99947 92.07937701396351
83 35781 2658288.0 104257.0 91242 91.79083227025524
84 99198 3247604.0 167948.0 39615 69.61306118560506
85 54483 5541544.0 215002.0 22395 92.7877805787853
86 21483 571457.0 20240.0 54570 101.64254940711464
87 64397 1090003.0 43356.0 6861 90.50675339053421
88 6917 609808.0 21900.0 56820 100.24241095890413
89 29413 3424781.0 108107.0 85298 114.04637627535685
90 56729 2484800.0 85947.0 8352 104.07902544591434
91 18182 1316026.0 48783.0 7389 97.11771723756227
92 36460 2396831.0 88308.0 59387 97.71019160211986
93 22359 710376.0 23149.0 85101 110.47361009114864
94 39359 3522360.0 113465.0 95685 111.75689419644823
95 52224 557414.0 19910.0 66440 100.78806629834257
96 17039 1491900.0 51027.0 31629 105.25486507143276
97 32609 79175.0 3470.0 34477 82.14121037463977
98 17459 2182615.0 85480.0 48351 91.92108095460928
99 31737 1218247.0 44042.0 88086 99.57970119431452
100 7589 2020709.0 93774.0 26340 77.57536630622559
101 98663 1597018.0 52927.0 91749 108.62631171235857
102 6648 1258819.0 46908.0 38322 96.60928626247124
103 85259 2287382.0 72101.0 71336 114.20889030665316
104 23946 6074084.0 235781.0 21514 92.74157968623423
105 37216 1348077.0 44426.0 54538 109.2395714221402
106 31556 1445905.0 48781.0 7806 106.70666857997992
107 51063 1985819.0 65691.0 27243 108.82690779558844
108 91301 953007.0 34576.0 85551 99.22562471078207
109 79224 1357603.0 49327.0 99438 99.08104689115495
110 56299 5837650.0 223164.0 17348 94.17083400548478
111 38556 852238.0 30327.0 22547 101.16585221090118
112 98708 1840020.0 68530.0 18442 96.6594484167518
113 54646 1315674.0 44383.0 67734 106.71713043282335
114 8223 1323952.0 45265.0 37318 105.29608306638686
115 90425 1391051.0 48993.0 76889 102.2142673443145
116 81929 772480.0 24729.0 20095 112.4561446075458
117 42369 834783.0 28068.0 48480 107.06921761436512
118 4808 4961340.0 194743.0 55471 91.71484469274893
119 81379 383992.0 14094.0 99867 98.08224776500641
120 83254 3358047.0 108919.0 27252 110.99045345623811
121 83471 2614724.0 100765.0 67069 93.41543591524835
122 76872 2578269.0 84513.0 17111 109.82651663057754
123 78464 797617.0 25426.0 3096 112.93247856524816
124 10589 2970888.0 98399.0 76887 108.69212898505067
125 67308 1642620.0 75366.0 91249 78.46286123716264
126 74632 276372.0 9262.0 66871 107.42163679550852
127 29693 438967.0 16329.0 24326 96.77758589013412
128 39359 3037249.0 95273.0 92702 114.76595047914938
129 56182 1049458.0 38739.0 1994 97.52571826841171
130 97332 7337214.0 289890.0 49545 91.11721825520029
131 51588 5848058.0 223319.0 17495 94.27325395510458
132 52351 1155953.0 38592.0 16225 107.83143656716422
133 17237 177995.0 8162.0 16866 78.50796373437882
134 53925 1145511.0 39273.0 16845 105.00444580245971
135 4916 965912.0 34514.0 91555 100.74993336037552
136 82282 1409592.0 51330.0 24159 98.8609234365868
137 38375 1696334.0 57748.0 13437 105.74915841241257
138 96196 5217031.0 200265.0 1990 93.78229645719422
139 65558 5130381.0 228747.0 36284 80.74148119975344
140 39279 5251746.0 203542.0 21514 92.88640968448773
141 6729 103599.0 4049.0 6556 92.11074339343048
142 92709 2247362.0 91202.0 6528 88.70971250630468
143 17219 1975302.0 66184.0 56579 107.44420403722955
144 38871 381039.0 15406.0 71229 89.03936128780994
145 72639 2442763.0 84144.0 3044 104.51068168853395
146 90425 1349350.0 47101.0 63694 103.13284219018705
147 25715 3357748.0 106347.0 83714 113.66463369911705
148 94360 861592.0 27795.0 24329 111.59313545601728
149 61267 144996.0 7425.0 36326 70.30109090909092
150 38325 1712892.0 66664.0 18258 92.49986799471979
151 4575 2013088.0 68654.0 37127 105.56000815684449
152 17039 682880.0 23762.0 27243 103.45795808433633
153 16775 5873460.0 228058.0 10999 92.71525664523935
154 86163 556619.0 19819.0 51702 101.10643322064684
155 31535 1342150.0 47472.0 16230 101.78083923154699
156 25821 745210.0 25537.0 74259 105.05368680737752
157 93354 3826300.0 175340.0 52399 78.5598266225619
158 31675 5597076.0 219211.0 57392 91.91816834009244
159 56244 2073460.0 73332.0 36460 101.78988708885616
160 78343 2672332.0 84077.0 93455 114.42362596191586
161 22145 5559418.0 254483.0 88361 78.64535076999249
162 39579 4973966.0 198605.0 73479 90.16025578409406
163 21279 348514.0 13029.0 23847 96.29675339626984
164 55276 1352213.0 49911.0 63872 97.5329446414618
165 22761 296335.0 10771.0 10247 99.04428558165444
166 4824 373419.0 11905.0 35606 112.91964720705587
167 45279 445751.0 15072.0 24793 106.46918789808916
168 8107 1972774.0 64882.0 39638 109.46004130575508
169 17328 355087.0 11272.0 2625 113.40606813342795
170 1814 318438.0 14513.0 93485 78.98965065803074
171 56370 1306809.0 48804.0 54533 96.39604130808952
172 20539 2009792.0 68633.0 56459 105.41942214386671
173 6543 1100768.0 38267.0 27318 103.55566937570231
174 46284 5983464.0 234170.0 22113 91.98646453431269
175 55566 1826776.0 62105.0 17322 105.89153208276306
176 78132 1960379.0 63764.0 24250 110.67944921899506
177 86497 2197071.0 71109.0 4720 111.23002151626379
178 97355 4532108.0 151362.0 23909 107.79184207396835
179 4932 4673378.0 150984.0 85757 111.43009060562707
180 85570 762449.0 26305.0 39240 104.34580498004179
181 35794 202629.0 7504.0 66909 97.21007462686563
182 6456 2298749.0 76428.0 72829 108.27833254828072
183 54608 456575.0 17248.0 26553 95.29626623376623
184 78564 2531456.0 84073.0 24534 108.39676947414743
185 6667 5036450.0 197121.0 55234 91.98015432145736
186 94359 4987038.0 193293.0 37434 92.88146389160498
187 7554 1399902.0 57727.0 79691 87.30138756561054
188 41515 511602.0 17282.0 6386 106.57141534544613
189 68649 694072.0 24090.0 54636 103.72184308841844
190 19230 1559560.0 61468.0 7613 91.33884297520662
191 91601 4403193.0 141403.0 8645 112.10154522888485
192 25582 5822859.0 226862.0 98739 92.4010737805362
193 24229 2008071.0 80329.0 21039 89.99309838290033
194 19246 2112081.0 70145.0 6343 108.39677240002851
195 88179 1708872.0 59635.0 9306 103.15987591179676
196 55608 797557.0 38879.0 79115 73.84976979860593
197 54426 2937038.0 92922.0 89143 113.78722799767547
198 36199 4276294.0 199497.0 54483 77.16736793034481
199 29699 330821.0 11086.0 40595 107.42879307234352
200 17279 5724230.0 219707.0 58706 93.79413491604728
201 74251 1516441.0 72611.0 71732 75.1840299679112
202 30459 1350208.0 44815.0 18356 108.46254155974562
203 70327 660104.0 21841.0 22089 108.80336980907468
204 55444 1380392.0 46991.0 16515 105.75240365176307
205 4626 2674457.0 90874.0 39326 105.94939366595509
206 40470 6051953.0 296215.0 65929 73.55140961801395
207 78199 1297045.0 49806.0 34346 93.75099385616191
208 29471 1532848.0 52835.0 1945 104.44313050061513
209 99735 1243379.0 43888.0 54316 101.99062158220926
210 25792 123295.0 5493.0 22045 80.80502457673403
211 15562 1339817.0 47271.0 54424 102.03594592879357
212 22089 892207.0 34044.0 64295 94.34688050757843
213 94344 320991.0 10682.0 7586 108.1789552518255
214 17111 2226285.0 73012.0 69151 109.7713526543582
215 66978 469691.0 16022.0 7552 105.53536387467231
216 17111 429580.0 15343.0 6712 100.79436876751612
217 3229 211836.0 7835.0 2829 97.33370772176133
218 6901 1506132.0 50481.0 31553 107.40823676234623
219 86697 109530.0 5190.0 86489 75.97456647398843
220 72285 1598346.0 56826.0 74389 101.25726955970858
221 89426 3875364.0 126977.0 17237 109.8727360073084
222 54689 239451.0 8586.0 67591 100.3987421383648
223 64390 1722253.0 54662.0 6667 113.42634371226812
224 17168 1244204.0 45496.0 99994 98.45116933356779
225 6679 1904564.0 74336.0 39524 92.23566508824793
226 7768 2282216.0 73462.0 15328 111.83983011625055
227 9120 1012195.0 49404.0 76139 73.75722613553559
228 55481 720096.0 23125.0 16909 112.10143135135135
229 59909 1846432.0 72408.0 24802 91.80139211136893
230 53489 4091560.0 142486.0 16928 103.37588254284631
231 31707 2651892.0 89168.0 56729 107.0654405167773
232 26316 537488.0 18700.0 66887 103.47362566844922
233 48465 2853800.0 97179.0 26345 105.71913685055414
234 21445 582258.0 24071.0 32479 87.08108512317726
235 16515 243261.0 8934.0 15752 98.0232370718603
236 23813 1059569.0 37548.0 21481 101.58859060402685
237 1217 454457.0 14311.0 18516 114.32081615540493
238 86514 3081382.0 106024.0 16866 104.62702029729118
239 38835 818618.0 27790.0 25704 106.0462324577186
240 83627 3202696.0 106388.0 35469 108.37411738165956
241 27632 2108125.0 80531.0 26736 94.24010629447045
242 86529 6533660.0 254909.0 8144 92.2728346194132
243 29479 1206747.0 40263.0 70184 107.89780195216451
244 19406 925900.0 32871.0 29575 101.4036688874692
245 6193 3743956.0 126645.0 31134 106.42537486675351
246 97633 4628120.0 151928.0 22523 109.66531514928124
247 39524 4415962.0 209635.0 57392 75.83401245021109
248 92546 4209720.0 137804.0 19374 109.97497895561813
249 71067 1904162.0 62152.0 22301 110.29384734200028
250 26345 2445410.0 81553.0 29465 107.94791117432837
251 85716 2123610.0 71959.0 97843 106.24099834628052
252 72534 2150303.0 72877.0 6333 106.22131536698822
253 29496 5896919.0 227534.0 70329 93.29993934972357
254 3238 368564.0 13244.0 6502 100.18350951374208
255 24802 4211812.0 148661.0 29462 101.9939540296379
256 26670 1500244.0 85899.0 36217 62.87475290748438
257 23795 5821370.0 227779.0 6618 92.00554923851627
258 83026 1301278.0 44884.0 72213 104.37128598164156
259 40223 489673.0 16511.0 26629 106.76656774271696
260 22175 1449016.0 52483.0 95239 99.39328163405294
261 89079 401301.0 12342.0 99087 117.05425376762275
262 16278 7215788.0 268951.0 4880 96.58576023141762
263 2708 337598.0 11045.0 39387 110.03646899049343
264 40629 1903210.0 64901.0 27389 105.5693440779033
265 89346 5845200.0 226291.0 25548 92.98964607518637
266 66894 2501216.0 101246.0 39606 88.93563795112894
267 31311 1604709.0 59090.0 26683 97.76531392790659
268 54552 1859194.0 64897.0 23966 103.13417261198515
269 75331 259684.0 9850.0 86946 94.90988832487308
270 6528 1446371.0 54534.0 21339 95.48053691275169
271 35683 2597360.0 108488.0 89346 86.18921908413833
272 31622 2400316.0 79362.0 88525 108.88255840326605
273 22765 580991.0 18796.0 95517 111.27727175994892
274 4720 6591796.0 249405.0 55624 95.14831539062969
275 85661 1362413.0 66686.0 8233 73.54897279788862
276 16909 87867.0 3304.0 16540 95.73886198547217
277 23847 2034025.0 68498.0 74867 106.90078542439196
278 7589 3043301.0 130667.0 63517 83.84583406674983
279 26553 1971898.0 68719.0 19246 103.30232977779072
280 8538 366449.0 11448.0 89299 115.23553459119495
281 17454 792347.0 39736.0 96515 71.78501107308234
282 6295 351220.0 12438.0 22083 101.65557163531116
283 22393 2130765.0 85442.0 69434 89.77732262821564
284 26316 2503876.0 99350.0 95359 90.7292762959235
285 35583 2079880.0 96721.0 92269 77.41408794367305
286 25926 6518638.0 247853.0 24989 94.68151202527305
287 31634 2502952.0 82958.0 57584 108.61673617975359
288 91083 2098078.0 114043.0 19300 66.23011320291471
289 23911 1285726.0 47620.0 38322 97.1989416211676
290 54612 638489.0 26204.0 49838 87.71792092810257
291 16928 3219022.0 105990.0 88400 109.33559015001416
292 36452 2164342.0 81783.0 26553 95.27201496643559
293 36039 1672532.0 55079.0 26532 109.3178017030084
294 6862 626561.0 19862.0 87637 113.56457557144293
295 99869 338229.0 10850.0 2708 112.22344700460829
296 56291 539084.0 21341.0 55758 90.9377442481608
297 55469 5260273.0 200556.0 39291 94.4224196733082
298 36272 1430052.0 49375.0 16928 104.26708253164557
299 83104 2027548.0 77911.0 39014 93.68603663154111
300 31592 5390736.0 210480.0 57629 92.20187001140249
301 24321 6965279.0 269009.0 83567 93.2125111055764
302 85235 6361266.0 247265.0 85107 92.61544335025177
303 76848 1311193.0 44747.0 38321 105.48851990077549
304 39590 1672452.0 67851.0 82031 88.73601273378435
305 3229 290297.0 11040.0 6779 94.6620652173913
306 25704 1599482.0 55828.0 56479 103.14063194096151
307 8301 2074629.0 74680.0 66352 100.00889662560257
308 55469 334504.0 11696.0 49196 102.9595075239398
309 74423 1727156.0 58280.0 16248 106.68774193548387
310 15749 907151.0 31300.0 79268 104.33685623003193
311 59590 1752103.0 63932.0 2923 98.66062065945069
312 39264 73094.0 3925.0 78176 67.04163057324841
313 31608 1969158.0 93638.0 7589 75.7061107669963
314 2736 2157293.0 89232.0 91177 87.03441366325983
315 66113 1466362.0 49277.0 16248 107.12712218682144
316 29465 4273136.0 142478.0 83544 107.96957846123614
317 83342 4011178.0 133406.0 3253 108.24281366655173
318 88697 6569485.0 254304.0 64287 92.99950453001131
319 86399 564060.0 19715.0 3130 102.99852903880293
320 84076 1267766.0 43761.0 67578 104.29280866524988
321 73463 1264611.0 44124.0 37359 103.17740005439215
322 73079 1915540.0 63363.0 27249 108.83234695326924
323 7646 656746.0 24288.0 23942 97.34377470355732
324 55590 1124905.0 35454.0 67152 114.22288035200545
325 14554 4335305.0 195753.0 55452 79.72852523332976
326 39517 1700017.0 57986.0 97237 105.54377263477392
327 55767 1816783.0 61892.0 17268 105.67470432366056
328 97469 4636201.0 153148.0 20148 108.98166218298635
329 39517 1697515.0 59565.0 87634 102.5947116595316
330 54673 2212808.0 87668.0 8132 90.86677921248345
331 47799 1752337.0 63664.0 31134 99.08917441568234
332 26736 710477.0 23490.0 92681 108.88536398467431
333 96364 569231.0 18984.0 22926 107.94519595448799
334 39343 1740682.0 71862.0 88364 87.20123570176172
335 45357 526360.0 17302.0 1594 109.51889954918506
336 38486 3226348.0 104477.0 91359 111.17138508954123
337 54689 1315312.0 49238.0 54673 96.16806531540679
338 67752 2200889.0 72732.0 21029 108.936924599901
339 15345 1689074.0 57782.0 55758 105.23461285521444
340 6268 4172640.0 135682.0 85748 110.7111039047184
341 73560 2007185.0 66350.0 31547 108.90529012810852
342 35614 1305389.0 43641.0 77833 107.68315116518869
343 42489 1522903.0 53578.0 4328 102.32652954570904
344 27446 5869526.0 224893.0 17429 93.95709781985212
345 76530 1162588.0 38351.0 63869 109.13188182837472
346 40595 6634333.0 254656.0 63699 93.7876932018095
347 73312 3393617.0 162106.0 8134 75.36439860338297
348 15848 1356870.0 46582.0 35114 104.86308015971834
349 22391 514213.0 17764.0 7368 104.2088943931547
350 1587 5611576.0 215000.0 19294 93.96127255813951
351 27419 1261224.0 44624.0 1945 101.74808174973109
352 2923 1571021.0 58331.0 38275 96.95831718983044
353 7745 1397042.0 52816.0 31234 95.22400787640107
354 86845 6673630.0 257917.0 98744 93.15038558916241
355 9600 2745362.0 114586.0 4651 86.25227514705114
356 79589 6688224.0 257600.0 64584 93.46896894409934
357 25845 4262219.0 136878.0 94127 112.09974137553152
358 22415 667512.0 21965.0 66989 109.40328704757569
359 35116 2246071.0 75485.0 56729 107.11870702788636
360 99880 333422.0 10459.0 14656 114.76424132326227
361 17498 463446.0 15177.0 31675 109.92986756275944
362 23858 6104580.0 234563.0 54578 93.69119596867365
363 76149 1325360.0 48353.0 6347 98.676317912022
364 6317 155742.0 5570.0 9648 100.65910233393178
365 4862 1380202.0 48991.0 27801 101.42122430650528
366 22145 1601884.0 61323.0 31675 94.03946969326351
367 23972 5639893.0 221645.0 87637 91.604208531661
368 83435 3509865.0 115670.0 17406 109.23760698538948
369 12277 665550.0 21952.0 56820 109.14631924198251
370 54570 1130649.0 37818.0 17493 107.6296049500238
371 6862 2229087.0 92213.0 91236 87.02366477611616
372 21698 5438574.0 205968.0 37299 95.05780703798649
373 85579 659490.0 21360.0 15898 111.15
374 4617 1754534.0 63181.0 24217 99.97186495940235
375 55237 6294118.0 241327.0 39517 93.89262204394869
376 16831 1584988.0 52831.0 21272 108.0039522250194
377 78086 5258680.0 201158.0 39343 94.11133536821804
378 24576 899804.0 31947.0 31719 101.39588693774063
379 84543 6719636.0 259442.0 79689 93.24122385735541
380 3116 1579114.0 55155.0 85570 103.06971988033723
381 39307 1262538.0 41416.0 23824 109.74350009658104
382 18276 1784126.0 64245.0 66903 99.97437310296522
383 88633 6843881.0 268272.0 55469 91.83951959205582
384 7616 102674.0 4183.0 99880 88.36394931867079
385 8538 508774.0 16478.0 55776 111.1534409515718
386 66871 2445517.0 78197.0 33311 112.5856644116782
387 20457 58313.0 2700.0 25355 77.75066666666666
388 56575 1927155.0 65545.0 83552 105.84724998092912
389 74257 146673.0 5178.0 65451 101.97427578215529
390 63688 5628298.0 215183.0 15518 94.16112239349764
391 1468 2339215.0 80478.0 56294 104.63945426079177
392 25551 1672099.0 56265.0 9484 106.98580645161293
393 1619 525718.0 17719.0 26316 106.8110389976861
394 9306 6144139.0 277608.0 87748 79.6767398634045
395 39649 1691238.0 55586.0 20537 109.53219875508222
396 91639 2046371.0 78369.0 39638 94.00318493281785
397 41569 2141653.0 82590.0 55294 93.35211042499093
398 44803 1974566.0 75180.0 64409 94.55224261771748
399 4617 3547729.0 118864.0 78730 107.449054381478
400 13593 641159.0 20415.0 70329 113.0625716385011
401 98708 1568543.0 55153.0 25594 102.38345692890688
402 16259 2151320.0 72700.0 77656 106.53028885832188
403 31553 1225300.0 40334.0 17375 109.36381216839388
404 66917 756425.0 24978.0 19069 109.02113860196972
405 72810 2206984.0 96759.0 6667 82.11269649334946
406 25746 1560590.0 57248.0 97340 98.13659865846842
407 14715 4401260.0 150176.0 81249 105.50644577029621
408 99439 398526.0 14679.0 66887 97.73782955242184
409 16356 3305272.0 142032.0 7570 83.77674890165595
410 67685 667963.0 22371.0 21514 107.49035805283629
411 77790 1103028.0 45972.0 13595 86.37650743931087
412 24401 1192158.0 38433.0 39307 111.66884708453672
413 4774 2734343.0 97659.0 66763 100.79598193714865
414 56766 22521.0 1089.0 56814 74.44958677685949
415 51645 1947768.0 64471.0 19075 108.76153309239815
416 91080 2560186.0 102925.0 35274 89.54743356813213
417 94568 145154.0 5993.0 95444 87.19412648089437
418 15345 592428.0 22807.0 23821 93.51255316350245
419 25885 5501118.0 216522.0 86157 91.4642613683598
420 72667 5450754.0 210624.0 56767 93.16466499544212
421 54497 5510847.0 211562.0 54483 93.77416171146048
422 38376 496242.0 16862.0 63128 105.94657810461392
423 39291 526599.0 24283.0 15526 78.06928303751596
424 26632 708708.0 23773.0 92361 107.3212804442014
425 99947 208393.0 7164.0 63694 104.72010050251257
426 57635 1517211.0 48964.0 44357 111.55051874846826
427 23919 1548998.0 53108.0 53520 105.00099420049708
428 17375 1244134.0 42760.0 53547 104.74467726847521
429 4651 2509474.0 80791.0 15910 111.82070280105455
430 76689 2141576.0 70141.0 15320 109.91679046492071
431 28717 604732.0 23000.0 41189 94.65370434782608
432 39167 869184.0 29564.0 29646 105.84029224732784
433 12109 508315.0 16736.0 26632 109.34118068833652
434 26676 763362.0 26149.0 29413 105.09400741902176
435 78052 2172769.0 69651.0 27419 112.3023129603308
436 49086 270421.0 9366.0 21493 103.94144778987827
437 20357 6340706.0 242067.0 24992 94.29844464549072
438 4880 2451478.0 78578.0 4157 112.31287128712871
439 7381 508993.0 16872.0 22397 108.60448079658606
440 55471 4807836.0 189551.0 85126 91.31162378462787
441 16818 241274.0 9056.0 3197 95.91280918727915
442 93309 3232122.0 107885.0 55765 107.85224266580154
443 85107 1213425.0 47450.0 38895 92.0617492096944
444 83112 3248614.0 107621.0 16928 108.66847920015611
445 35117 1527074.0 50329.0 18445 109.23059071310774
446 32120 2083209.0 66917.0 78586 112.07245393547231
447 55765 1707697.0 58704.0 16866 104.72385527391657
448 71088 2215468.0 84284.0 41569 94.62869346495182
449 16259 341926.0 13164.0 17111 93.50756608933456
450 6198 386196.0 13745.0 17398 101.14991633321208
451 91637 2665238.0 88312.0 37589 108.64725971555391
452 55758 2980857.0 99169.0 85098 108.21007774606986
453 55481 660576.0 21744.0 3130 109.36688741721856
454 94140 5022040.0 161875.0 3054 111.68706718146721
455 19417 6000467.0 227326.0 16278 95.02512339107712
456 82494 1277408.0 47263.0 22391 97.29955356198296
457 18347 1594968.0 54093.0 54636 106.14838888580778
458 21521 1353683.0 47167.0 54669 103.31924438696548
459 97215 5310799.0 172094.0 4932 111.09554313340384
460 99192 1362183.0 49347.0 39264 99.37501367864307
461 98631 3810600.0 123441.0 46282 111.13130969450992
462 23999 5838542.0 226369.0 98716 92.85172086283899
463 54619 1885698.0 61880.0 31702 109.70447317388495
464 4509 482901.0 15750.0 86947 110.37737142857144
465 56841 427443.0 15384.0 6578 100.02566302652106
466 39579 5056324.0 202019.0 98746 90.10422980016732
467 24817 699664.0 25702.0 37191 97.99978211812315
468 69226 2271993.0 90400.0 24407 90.47759734513274
469 18461 2174610.0 74529.0 56593 105.04093708489313
470 19205 5781268.0 221131.0 15526 94.11871153298272
471 1877 86807.0 4868.0 3058 64.19580936729663
472 18249 601995.0 21560.0 23847 100.51864564007424
473 95355 4093119.0 131065.0 30916 112.42687521458818
474 31162 1437479.0 53868.0 99986 96.06676319893072
475 28779 1918105.0 64757.0 55777 106.6321478759053
476 12589 922723.0 31344.0 25361 105.97890505359877
477 4838 2526282.0 81572.0 22045 111.49187466287451
478 7552 1532582.0 55452.0 8132 99.49677558969921
479 23923 1552115.0 54670.0 49838 102.20621913297971
480 24398 6130637.0 237049.0 16831 93.1043505773068
481 98716 290756.0 9992.0 74909 104.75596477181746
482 56759 811723.0 30228.0 54619 96.67205240174671
483 16348 4192089.0 181399.0 93047 83.19516866134873
484 39615 5038812.0 203203.0 85055 89.26897339114088
485 16928 488005.0 17610.0 6794 99.76252129471891
486 97616 419407.0 13544.0 12347 111.47852923803896
487 86405 2707719.0 86557.0 39326 112.6169853391407
488 54655 1507637.0 53115.0 20539 102.18381248234962
489 27419 820530.0 30738.0 16352 96.09955104430998
490 70565 1627477.0 56746.0 3205 103.24810911782328
491 18292 973920.0 46590.0 56424 75.25460399227302
492 68723 539027.0 19947.0 55413 97.28265904647316
493 26629 4246900.0 135308.0 94557 112.99287551364296
494 19417 861011.0 26695.0 73240 116.11311481550855
495 21073 175505.0 6037.0 26316 104.65761139638893
496 98673 5577630.0 201064.0 97279 99.86605260016712
497 78598 2796620.0 93888.0 15758 107.23236196319021
498 98547 4350442.0 143745.0 25836 108.95398935615152
499 59469 3007880.0 101080.0 15757 107.12671151563116
500 6188 379053.0 12373.0 20255 110.28778792532127
501 36169 4574845.0 210352.0 17424 78.29467749296417
502 37445 505116.0 28029.0 25946 64.87629241143101
503 20149 1718003.0 55953.0 39638 110.53582113559595
504 19209 1814333.0 61663.0 44581 105.92411656909329
505 25364 801459.0 27744.0 36272 103.99554498269896
506 21079 420218.0 13373.0 7613 113.12232109474314
507 2643 1411695.0 48700.0 24641 104.35527720739219
508 24989 5764026.0 224578.0 93356 92.39771304402036
509 21516 2154578.0 72826.0 19412 106.50702770988384
510 74936 2029803.0 66358.0 17406 110.11921396063777
511 25551 1301760.0 43800.0 87764 106.99397260273972
512 34305 1174158.0 57112.0 67304 74.011920437036
513 89547 1716360.0 63636.0 79341 97.09749198566851
514 55487 3157230.0 99861.0 91361 113.81848769790008
515 25584 6140546.0 237961.0 22589 92.89743109164948
516 6577 1225544.0 43282.0 54340 101.9351785961832
517 17153 3393338.0 119518.0 36211 102.21068625646343
518 56754 2549830.0 82157.0 78333 111.72983434156558
519 79677 800131.0 26942.0 22769 106.9138000148467
520 19348 203463.0 8140.0 18347 89.98363636363636
521 21079 129094.0 5547.0 25788 83.78193618171986
522 56295 1201781.0 41332.0 72669 104.67462498790285
523 67471 1682722.0 70339.0 6917 86.1229076330343
524 49632 876146.0 31348.0 26419 100.61648590021693
525 24991 3135966.0 101410.0 84094 111.32509219998028
526 6528 395050.0 12667.0 51429 112.27441383121496
527 31785 1315054.0 47792.0 74235 99.05830264479413
528 39359 3439615.0 130386.0 97500 94.96889236574481
529 29451 860084.0 30231.0 25724 102.42143495087824
530 36219 1977839.0 77847.0 94330 91.46428764114223
531 52156 1295844.0 45566.0 15926 102.37980950708862
532 92648 4360998.0 139541.0 18334 112.50881676353184
533 25938 1061678.0 36311.0 6231 105.25848365509071
534 25946 800313.0 36861.0 54668 78.16192724017255
535 76835 5204728.0 205743.0 39596 91.07002814190521
536 56332 3460379.0 120835.0 9430 103.0940075309306
537 54298 2109191.0 82479.0 89542 92.06085912777796
538 85661 2220262.0 88615.0 17179 90.19853523669808
539 6922 235282.0 8800.0 19399 96.25172727272728
540 74865 1793489.0 59530.0 25876 108.45893499076095
541 76889 349780.0 12124.0 42551 103.86077202243484
542 93161 1565051.0 53169.0 25554 105.96745471985555
543 22041 2017265.0 69750.0 56291 104.11690322580644
544 25348 1245660.0 45032.0 67308 99.58198614318708
545 25938 1365346.0 47014.0 50126 104.54855149529926
546 97780 2530992.0 96311.0 99955 94.60571689630468
547 74382 2331782.0 91500.0 69234 91.7422426229508
548 19348 836986.0 29452.0 45470 102.30713024582373
549 25881 440286.0 16107.0 17379 98.40625814863104
550 67823 6376758.0 245674.0 23560 93.44223971604649
551 6917 69514.0 3651.0 15806 68.54297452752672
552 99718 294528.0 13997.0 19273 75.75200400085733
553 19374 1607648.0 55199.0 49847 104.8485081251472
554 17213 469178.0 19500.0 13465 86.61747692307694
555 21493 1847349.0 71530.0 37632 92.97436600027962
556 49536 4772114.0 270932.0 7589 63.40930713241697
557 66887 505602.0 18149.0 9387 100.29021984682352
558 99955 220997.0 8127.0 6869 97.89457364341088
559 35708 1338633.0 49856.0 22607 96.65995667522465
560 29416 1346185.0 44292.0 71277 109.41628285017613
561 49838 2846640.0 98317.0 26532 104.23328620686148
562 74865 874077.0 29720.0 68623 105.87742934051144
563 72539 1134214.0 40720.0 26624 100.27432220039292
564 12105 293070.0 10249.0 2799 102.94194555566395
565 14728 221073.0 10361.0 16845 76.81331917768557
566 22149 16864.0 1439.0 20459 42.18929812369701
567 56329 1346189.0 45130.0 59067 107.38489696432528
568 85084 1288287.0 42013.0 21079 110.3904315330969
569 36399 2058755.0 79006.0 24806 93.80955876768853
570 26571 1005395.0 33598.0 61350 107.7273051967379
571 31559 284004.0 10869.0 99891 94.06701628484682
572 23714 709172.0 23589.0 56843 108.22922548645556
573 9217 1627967.0 57260.0 67141 102.35209919664688
574 70174 1517016.0 49563.0 60598 110.18819684038496
575 6712 152016.0 6305.0 7646 86.79739888977001
576 7646 932895.0 31088.0 24327 108.02952907874422
577 39638 1332666.0 44568.0 46049 107.64668820678514
578 97490 4742558.0 157758.0 27576 108.22404442246989
579 85072 2790980.0 93568.0 54646 107.38209644322843
580 36452 2096702.0 79329.0 85107 95.14965775441514
581 56379 1639168.0 54285.0 75180 108.70415031776736
582 12203 549305.0 19193.0 21077 103.03225134163498
583 82449 865429.0 28654.0 26826 108.72982480630978
584 39264 1785337.0 63580.0 54668 101.0886001887386
585 56766 574577.0 19382.0 84546 106.72155608296356
586 4808 5759925.0 224264.0 23972 92.461251025577
587 80333 2056341.0 81511.0 54346 90.81998257903842
588 73560 2315672.0 76595.0 23879 108.83764214374308
589 8523 2265456.0 90924.0 93095 89.69734723505344
590 91093 2741975.0 107189.0 67136 92.09069960536995
591 75210 1927229.0 63549.0 23923 109.17598073927206
592 21075 1519563.0 51145.0 54662 106.95917098445595
593 97956 214602.0 8736.0 67742 88.4348901098901
594 24327 459091.0 16456.0 37355 100.43313077297036
595 7381 1844879.0 74261.0 54290 89.43542909467959
596 59394 416956.0 15101.0 7338 99.40014568571621
597 6184 542738.0 17089.0 88239 114.33417988179531
598 21079 567848.0 17971.0 55469 113.7528685103778
599 14550 1423913.0 48944.0 29465 104.73371199738476
600 22609 111241.0 5557.0 19205 72.06543098794313
601 24568 6199630.0 238516.0 54570 93.5730433178487
602 17039 4685572.0 153766.0 95514 109.69953825943315
603 6255 2492165.0 86204.0 57223 104.07630736392744
604 26810 249942.0 9952.0 21037 90.41310289389068
605 55471 5166568.0 204036.0 19322 91.15864259248369
606 2923 3966624.0 184047.0 39291 77.5880421848767
607 66887 5943209.0 224996.0 19294 95.0930345428363
608 23866 1582006.0 54450.0 53520 104.59543801652893
609 16775 5860554.0 228766.0 99195 92.2252187825114
610 2692 3342895.0 116768.0 9246 103.06267127980269
611 34326 2191877.0 87882.0 69239 89.78809312487198
612 6542 1197475.0 43936.0 17194 98.11794428259287
613 52393 1356712.0 51979.0 83730 93.96416245022029
614 67823 707564.0 26341.0 25885 96.70211457423788
615 7349 452347.0 17465.0 45289 93.24072144288576
616 33607 1689608.0 56494.0 44651 107.66787269444544
617 19230 1760960.0 66993.0 22335 94.62863284223724
618 72221 3734039.0 118554.0 98631 113.38748924540717
619 25379 1663954.0 66504.0 4523 90.07329483940815
620 39264 1350803.0 49848.0 99713 97.55438131921042
621 70188 5158832.0 201564.0 55627 92.13845329523129
622 28755 815998.0 29511.0 63828 99.54229948154926
623 19258 2208909.0 90871.0 71566 87.50946286494042
624 32361 1098054.0 39256.0 24977 100.69783982066437
625 37318 1364982.0 44473.0 54441 110.49255053628045
626 30966 2048574.0 68936.0 33790 106.98135081815019
627 35619 843226.0 29497.0 25920 102.9126216225379
628 69190 1067014.0 37212.0 56244 103.22612060625605
629 39307 609818.0 22662.0 63931 96.87339158061957
630 83739 6561082.0 257714.0 6556 91.65157965807056
631 29471 654737.0 23154.0 37318 101.7989634620368
632 86486 388467.0 13174.0 6686 106.15463792318205
633 31622 949226.0 32118.0 23974 106.39559125723896
634 66763 882795.0 28489.0 55437 111.55400329951912
635 79215 1923801.0 91903.0 72510 75.35862376636236
636 39624 598074.0 20553.0 86161 104.7567946285214
637 36282 2033711.0 79307.0 84437 92.3166883125071
638 39517 1717499.0 59956.0 86830 103.1255654146374
639 55767 1807703.0 62154.0 16928 104.7033304373009
640 67308 940487.0 33924.0 16540 99.80406791651927
641 98590 4318162.0 141435.0 25557 109.91185491568564
642 57629 5530048.0 216370.0 26909 92.00985718907428
643 22769 710103.0 23858.0 86462 107.14941738620169
644 51065 6177288.0 236332.0 23858 94.09744258077619
645 31558 151576.0 6980.0 31555 78.1767335243553
646 48465 1354002.0 46561.0 35580 104.68862782156741
647 71737 373999.0 12847.0 7389 104.80239744687479
648 8606 1922299.0 64289.0 55425 107.6432422342858
649 51688 10741.0 998.0 42499 38.74509018036072
650 29587 1120252.0 37679.0 39365 107.03328644603096
651 55471 4980348.0 197169.0 78267 90.93342665429151
652 17268 1042092.0 34412.0 37318 109.01810996164127
653 83329 530308.0 19023.0 1900 100.3579246175682
654 7950 2172620.0 71677.0 57078 109.12052680776259
655 29482 3831804.0 122352.0 83355 112.7443311102393
656 31224 5105953.0 229047.0 26639 80.25178587800757
657 38486 897928.0 30698.0 25938 105.30134862206008
658 65222 6484972.0 248590.0 59439 93.91326762943001
659 63628 1287949.0 45740.0 25421 101.36896370791428
660 98528 4233882.0 140464.0 26452 108.5116129399704
661 24972 4893438.0 216849.0 8132 81.23798956877826
662 25572 1586421.0 52048.0 74869 109.72785889947741
