 destination distance_m duration_s origin time v_ave_kmph
0 42.2019,22.3319 290179.0 12836.0 41.2406,20.5933 2014_8_26 81.38395138672483
1 41.4797,21.3153 159223.0 7035.0 42.0,21.4333 2014_8_26 81.47872068230276
2 41.8828,22.5092 148405.0 6975.0 41.1836,22.4847 2014_8_26 76.59612903225808
3 40.9394,21.1086 161398.0 8328.0 41.7006,20.7556 2014_8_26 69.7685878962536
4 41.0503,21.3794 240460.0 10788.0 41.7594,22.8906 2014_8_26 80.24249165739711
5 41.2206,22.7061 258758.0 10987.0 41.1781,20.6761 2014_8_26 84.78463638845909
6 41.8867,21.5869 54229.0 3063.0 42.1572,21.9067 2014_8_26 63.73633692458375
7 41.8944,21.6831 193675.0 8821.0 41.3494,20.6047 2014_8_26 79.04205872350074
8 42.0625,21.7997 45602.0 2673.0 41.9672,21.5569 2014_8_26 61.41683501683502
9 41.405,22.2489 128048.0 4914.0 42.1564,21.5853 2014_8_26 93.80805860805864
10 41.4331,22.0119 73085.0 3314.0 41.3572,22.6094 2014_8_26 79.39227519613759
11 42.1703,21.8017 235384.0 10734.0 41.2686,20.5961 2014_8_26 78.94376746785913
12 41.7458,22.1958 50594.0 2815.0 41.8972,22.5994 2014_8_26 64.70280639431616
13 41.6506,21.6622 124444.0 5351.0 42.0328,21.0 2014_8_26 83.7223696505326
14 41.9678,21.1303 49994.0 1963.0 41.9961,21.5822 2014_8_26 91.68537952114113
15 41.3431,22.4428 160101.0 7731.0 41.6269,21.2106 2014_8_26 74.55227008149011
16 41.2286,21.4314 56055.0 2448.0 41.0431,21.0072 2014_8_26 82.43382352941177
17 41.405,22.2489 136753.0 5679.0 41.1808,21.8267 2014_8_26 86.68969889064975
18 41.9672,22.7694 90953.0 5775.0 41.4153,22.7267 2014_8_26 56.697974025974034
19 41.9672,21.5569 149650.0 6267.0 41.1083,21.3786 2014_8_26 85.9645763523217
20 41.2836,21.3394 159469.0 6811.0 42.1322,21.7144 2014_8_26 84.28841579797387
21 41.1172,20.8019 88057.0 4223.0 41.5136,21.2153 2014_8_26 75.06635093535401
22 41.3881,21.9781 118297.0 6438.0 41.8378,22.5781 2014_8_26 66.14930102516308
23 42.1819,22.1228 80726.0 3549.0 42.0,21.4333 2014_8_26 81.88605240912932
24 41.5931,21.4717 151200.0 6792.0 41.9317,21.0133 2014_8_26 80.14134275618373
25 41.3431,22.4428 160101.0 7731.0 41.6269,21.2106 2014_8_26 74.55227008149011
26 41.2103,21.5033 175738.0 7487.0 42.1572,21.9067 2014_8_26 84.50070789368237
27 41.5656,20.6094 193447.0 8511.0 41.7839,21.9056 2014_8_26 81.8246034543532
28 41.9886,22.2361 178280.0 7843.0 41.9108,20.9106 2014_8_26 81.83195205916104
29 41.1875,22.7208 194495.0 7266.0 41.9683,21.2369 2014_8_26 96.36416184971098
30 41.2575,21.6922 44908.0 2802.0 41.4253,21.4547 2014_8_26 57.69764453961457
31 42.2772,22.3239 301921.0 13504.0 41.2406,20.5933 2014_8_26 80.4884182464455
32 41.4375,22.6433 266992.0 11476.0 41.1642,20.6233 2014_8_26 83.75489717671663
33 41.5144,20.9633 182014.0 9199.0 41.6383,22.4647 2014_8_26 71.23061202304599
34 42.0,21.4333 113666.0 5254.0 41.9164,22.4128 2014_8_26 77.88306052531405
35 41.9672,21.5569 89578.0 4108.0 41.3881,21.9781 2014_8_26 78.50068159688412
36 41.4053,22.6653 33268.0 1604.0 41.3431,22.4428 2014_8_26 74.66633416458853
37 41.5772,21.0 104910.0 5548.0 41.0653,21.1472 2014_8_26 68.07426099495314
38 41.2286,21.4314 90567.0 3888.0 41.5189,22.1283 2014_8_26 83.85833333333333
39 41.5931,21.4717 130618.0 6873.0 41.8378,22.5781 2014_8_26 68.4162374508948
40 42.225,22.3958 212710.0 8978.0 41.6072,20.9383 2014_8_26 85.29249276008021
41 42.1578,22.2539 261731.0 11182.0 41.1103,21.0114 2014_8_26 84.26324450008944
42 41.61,20.6 82190.0 4516.0 41.4467,20.9069 2014_8_26 65.51904340124004
43 41.6506,21.6622 71215.0 3581.0 42.0,21.4333 2014_8_26 71.59285115889416
44 40.9394,21.1086 281832.0 12030.0 42.2019,22.3319 2014_8_26 84.33875311720698
45 41.6833,22.8083 320080.0 14128.0 41.1781,20.6761 2014_8_26 81.56058890147226
46 42.2772,22.3239 177394.0 9149.0 41.4153,22.7267 2014_8_26 69.80198928844683
47 41.7972,20.9083 147223.0 7374.0 41.0431,21.0072 2014_8_26 71.87453213995119
48 41.8972,22.5994 128478.0 5940.0 41.9781,21.6494 2014_8_26 77.86545454545455
49 41.8542,22.4444 122320.0 5802.0 42.0,21.4333 2014_8_26 75.89658738366079
50 41.8944,21.6831 217898.0 9826.0 41.2406,20.5933 2014_8_26 79.83236311825769
51 41.9903,20.9458 164673.0 8112.0 41.0889,21.0122 2014_8_26 73.07973372781066
52 41.8875,22.8167 189623.0 8841.0 42.1256,21.5978 2014_8_26 77.21330166270785
53 41.8389,20.9758 225723.0 8687.0 41.1392,22.5025 2014_8_26 93.54239668470129
54 42.1578,22.2539 143336.0 7942.0 41.4958,22.385 2014_8_26 64.97224880382777
55 41.8972,22.5994 191631.0 7883.0 41.9672,20.9808 2014_8_26 87.51383990866422
56 42.2019,22.3319 116903.0 6124.0 41.8972,22.5994 2014_8_26 68.72155453951666
57 41.4706,22.7269 219827.0 8294.0 41.9803,21.0642 2014_8_26 95.41562575355681
58 41.2836,21.3394 122167.0 5932.0 41.2408,20.6439 2014_8_26 74.14045853000674
59 41.4664,22.0278 65750.0 2908.0 41.3033,22.64 2014_8_26 81.39614855570841
60 41.5017,21.4069 96424.0 4867.0 41.2386,20.7767 2014_8_26 71.32245736593384
61 41.4839,22.0892 67609.0 2888.0 41.5547,21.6972 2014_8_26 84.27714681440445
62 41.9672,21.5569 115309.0 6144.0 41.2472,22.0772 2014_8_26 67.56386718750001
63 41.8542,22.4444 239296.0 10809.0 41.6744,20.5858 2014_8_26 79.69891756869275
64 41.3572,22.6094 126339.0 6658.0 42.0792,22.1814 2014_8_26 68.31186542505256
65 41.6383,22.4647 157284.0 7806.0 41.1594,21.2539 2014_8_26 72.53681783243658
66 42.0744,21.0525 132813.0 6818.0 41.5017,21.4069 2014_8_26 70.12713405690819
67 40.9333,21.5667 172996.0 8986.0 41.9925,20.9578 2014_8_26 69.30620965947028
68 41.2064,20.755 20675.0 1531.0 41.2686,20.5961 2014_8_26 48.615284128020896
69 41.4053,22.6653 247311.0 10388.0 41.1172,20.8019 2014_8_26 85.70654601463227
70 41.5775,21.9428 182540.0 8123.0 41.2408,20.6439 2014_8_26 80.89917518158316
71 41.0897,21.7339 193639.0 8746.0 41.9672,21.5569 2014_8_26 79.70505373885204
72 41.7594,22.8906 160910.0 7356.0 41.9672,21.5569 2014_8_26 78.74877650897227
73 41.7156,21.7756 121348.0 5088.0 41.4153,22.7267 2014_8_26 85.85943396226416
74 41.1083,21.3786 157037.0 7594.0 41.6139,22.5422 2014_8_26 74.44471951540689
75 41.0431,21.0072 41443.0 2105.0 41.1172,20.8019 2014_8_26 70.87638954869358
76 41.4194,21.89 158729.0 6367.0 42.1033,21.0778 2014_8_26 89.74782472121879
77 41.0303,21.2639 37866.0 2099.0 41.2103,21.5033 2014_8_26 64.94406860409718
78 41.9153,20.9478 102954.0 4662.0 42.0397,21.7561 2014_8_26 79.50115830115831
79 41.8658,20.8875 118477.0 5031.0 42.1703,21.8017 2014_8_26 84.7778175313059
80 41.2878,21.1208 156295.0 7087.0 41.3431,22.4428 2014_8_26 79.39353746296038
81 41.9317,21.0133 27414.0 1961.0 41.9683,21.2369 2014_8_26 50.326568077511475
82 40.8942,21.1408 212309.0 9087.0 41.9781,21.6494 2014_8_26 84.11053152855726
83 41.71,22.7928 51285.0 2661.0 41.9164,22.4128 2014_8_26 69.38218714768885
84 42.2019,22.3319 95306.0 5085.0 41.8881,22.3814 2014_8_26 67.47327433628318
85 41.1642,20.6233 290149.0 12725.0 42.225,22.3958 2014_8_26 82.08537524557957
86 40.9833,21.3667 19516.0 1389.0 41.1083,21.3786 2014_8_26 50.58142548596114
87 42.0,21.4333 88619.0 4384.0 41.7058,20.9603 2014_8_26 72.77107664233577
88 41.3361,21.3331 167765.0 7413.0 42.1703,21.8017 2014_8_26 81.47227842978552
89 41.3028,20.8303 95836.0 5046.0 41.8389,20.9758 2014_8_26 68.37288941736028
90 41.6858,21.7336 67000.0 4231.0 41.4253,21.4547 2014_8_26 57.00779957456865
91 41.0311,21.3403 187908.0 8552.0 42.0031,22.1786 2014_8_26 79.10065481758653
92 40.9833,20.9167 207392.0 8932.0 41.8167,22.2375 2014_8_26 83.58835647111509
93 41.8489,21.8203 127465.0 5262.0 41.4053,22.6653 2014_8_26 87.20524515393387
94 41.7458,22.1958 170683.0 8101.0 41.1186,21.6094 2014_8_26 75.84974694482162
95 41.2031,22.5756 179246.0 6978.0 41.0956,21.3256 2014_8_26 92.474290627687
96 41.4467,20.9069 214092.0 10140.0 41.8881,22.3814 2014_8_26 76.00899408284023
97 41.0897,21.7339 106055.0 5692.0 40.8942,21.1408 2014_8_26 67.07624736472242
98 40.9394,21.1086 62094.0 3260.0 41.0419,21.4561 2014_8_26 68.57006134969326
99 40.95,20.8833 235339.0 9903.0 41.4406,22.7278 2014_8_26 85.55189336564678
100 41.9886,22.2361 88757.0 4902.0 41.4664,22.0278 2014_8_26 65.1826193390453
101 41.0889,21.0122 152296.0 7584.0 41.8389,20.9758 2014_8_26 72.29240506329114
102 41.7686,20.8392 81050.0 3612.0 42.0,21.4333 2014_8_26 80.78073089700996
103 41.5592,20.9353 84760.0 4675.0 41.1083,21.3786 2014_8_26 65.26973262032085
104 41.5547,21.6972 174770.0 7426.0 41.7006,20.7556 2014_8_26 84.7255588472933
105 41.7594,22.8906 227148.0 9635.0 41.9903,20.9458 2014_8_26 84.87107420861443
106 41.2206,22.7061 119811.0 5948.0 41.8714,22.2892 2014_8_26 72.51506388702086
107 41.8389,20.9758 123440.0 6729.0 41.3431,21.4403 2014_8_26 66.0401248328132
108 41.2408,20.6439 215528.0 9224.0 41.405,22.2489 2014_8_26 84.11760624457936
109 41.525,20.5275 104977.0 5713.0 41.4647,21.0928 2014_8_26 66.1503938386137
110 41.2836,21.3394 47452.0 2840.0 41.4028,21.0017 2014_8_26 60.15042253521128
111 41.6139,22.5422 69449.0 3810.0 41.1556,22.5775 2014_8_26 65.62110236220471
112 41.5372,21.0036 6123.0 503.0 41.5772,21.0 2014_8_26 43.82266401590457
113 41.4839,22.0892 23598.0 1445.0 41.4194,21.89 2014_8_26 58.790865051903104
114 41.5136,21.2153 27455.0 1546.0 41.4253,21.4547 2014_8_26 63.9314359637775
115 40.9333,21.3667 157477.0 8155.0 41.9672,20.9808 2014_8_26 69.51774371551195
116 41.3033,22.64 135132.0 5640.0 41.8867,21.5869 2014_8_26 86.25446808510637
117 41.3169,22.5611 263921.0 11278.0 41.3494,20.6047 2014_8_26 84.24504344741976
118 42.0,21.4333 80792.0 3311.0 41.5161,21.9497 2014_8_26 87.84391422530958
119 42.1439,21.5878 100563.0 4577.0 41.5064,21.8886 2014_8_26 79.09696307625083
120 41.3169,22.5611 140925.0 5092.0 42.0264,21.5619 2014_8_26 99.63275726630009
121 41.8167,22.2375 193942.0 8700.0 40.9333,21.5667 2014_8_26 80.25186206896551
122 42.1067,21.1089 151157.0 7066.0 41.8833,22.3339 2014_8_26 77.01177469572602
123 41.3431,22.4428 184784.0 6765.0 41.9317,21.0133 2014_8_26 98.33294900221728
124 40.9333,21.3667 152652.0 7946.0 41.9444,20.9267 2014_8_26 69.1602315630506
125 41.1836,22.4847 128490.0 5895.0 41.8714,22.2892 2014_8_26 78.46717557251907
126 41.4761,22.6417 134289.0 7442.0 42.2061,21.6631 2014_8_26 64.96108572964258
127 41.3361,21.3331 157456.0 7149.0 41.2206,22.7061 2014_8_26 79.28963491397398
128 41.3431,22.4428 188851.0 6850.0 42.0744,21.0525 2014_8_26 99.2501605839416
129 41.9781,21.6494 189621.0 7900.0 41.0431,21.0072 2014_8_26 86.40956962025317
130 41.2325,20.6072 169637.0 7995.0 41.4194,21.89 2014_8_26 76.38439024390243
131 41.0311,21.3403 181715.0 7933.0 41.8881,22.3814 2014_8_26 82.4623723685869
132 41.0311,21.3403 70732.0 3887.0 41.4467,20.9069 2014_8_26 65.50944172883972
133 42.0792,22.1814 96235.0 5057.0 41.7642,22.7756 2014_8_26 68.50820644650977
134 41.7006,20.7556 82129.0 4247.0 41.2878,21.1208 2014_8_26 69.61723569578524
135 41.8378,22.5781 171502.0 7717.0 42.085,21.2106 2014_8_26 80.00611636646366
136 41.9297,22.5025 206309.0 8574.0 41.7686,20.8392 2014_8_26 86.6237928621414
137 41.3033,22.64 163363.0 6391.0 42.1256,21.5978 2014_8_26 92.02109216085121
138 41.9903,20.9458 132668.0 6679.0 41.3464,21.5544 2014_8_26 71.50842940559964
139 41.1392,22.5025 74860.0 3168.0 41.4283,22.0956 2014_8_26 85.06818181818181
140 41.5064,21.8886 92524.0 3833.0 42.0,21.4333 2014_8_26 86.89966084007307
141 41.3431,22.4428 180099.0 7199.0 42.1433,21.1169 2014_8_26 90.06200861230727
142 41.5372,21.0036 56697.0 3555.0 41.6269,21.2106 2014_8_26 57.414683544303806
143 41.9683,21.2369 47895.0 2535.0 42.1644,21.1761 2014_8_26 68.01656804733727
144 41.4331,22.0119 77618.0 3262.0 41.9389,21.615 2014_8_26 85.6605763335377
145 41.2031,22.5756 102251.0 5882.0 41.7594,22.8906 2014_8_26 62.58136688201293
146 41.9297,22.5025 95590.0 5079.0 41.4858,22.5092 2014_8_26 67.75428233904312
147 42.2019,22.3319 158254.0 8455.0 41.4761,22.5675 2014_8_26 67.38195150798343
148 41.7972,20.9083 106699.0 5348.0 41.1172,20.8019 2014_8_26 71.8243081525804
149 41.6506,21.6622 71215.0 3581.0 42.0,21.4333 2014_8_26 71.59285115889416
150 41.405,22.2489 129836.0 5249.0 41.0503,21.3794 2014_8_26 89.04736140217184
151 41.9389,21.615 196737.0 8178.0 40.95,20.8833 2014_8_26 86.60469552457813
152 42.2061,21.6631 216048.0 9440.0 41.2064,20.755 2014_8_26 82.39118644067797
153 41.2325,20.6072 129791.0 6280.0 41.9236,20.9136 2014_8_26 74.40248407643313
154 41.0561,21.1783 183655.0 9440.0 42.1433,21.1169 2014_8_26 70.03792372881354
155 41.4467,20.9069 86957.0 4462.0 41.0653,21.1472 2014_8_26 70.15804571940835
156 41.4453,21.0267 78889.0 4111.0 41.0956,21.3256 2014_8_26 69.08304548771588
157 41.1808,21.8267 190516.0 7791.0 41.2031,22.5756 2014_8_26 88.03203696572969
158 41.1172,20.8019 13322.0 707.0 41.2064,20.755 2014_8_26 67.83479490806224
159 41.2031,22.5756 76286.0 3034.0 41.5189,22.1283 2014_8_26 90.51733684904416
160 41.8119,21.9947 120654.0 5271.0 41.2103,21.5033 2014_8_26 82.40455321570859
161 41.7839,21.9056 109728.0 5094.0 41.3361,21.3331 2014_8_26 77.54628975265018
162 42.1644,21.1761 223094.0 9793.0 41.4761,22.5675 2014_8_26 82.01147758603085
163 41.8972,22.5994 116951.0 6095.0 42.2019,22.3319 2014_8_26 69.07688269073012
164 41.8658,20.8875 199821.0 8856.0 41.8378,22.5781 2014_8_26 81.2280487804878
165 41.8828,22.5092 254813.0 11954.0 41.3028,20.8303 2014_8_26 76.73806257319725
166 41.5656,20.6094 232403.0 10394.0 42.2019,22.3319 2014_8_26 80.49363094092746
167 41.1103,21.0114 222957.0 9594.0 41.4706,22.7269 2014_8_26 83.66116322701689
168 41.0561,21.1783 161587.0 7039.0 41.8353,22.0356 2014_8_26 82.64145475209546
169 42.0328,21.0 106053.0 4382.0 41.7156,21.7756 2014_8_26 87.12706526700138
170 41.8833,22.3339 153651.0 7112.0 41.3361,21.3331 2014_8_26 77.77609673790776
171 41.5372,21.0036 211324.0 9390.0 41.8167,22.2375 2014_8_26 81.01878594249202
172 41.4839,22.0892 130819.0 6722.0 41.9672,22.7694 2014_8_26 70.06075572746207
173 41.375,22.8386 56117.0 3039.0 41.1875,22.7208 2014_8_26 66.47620927936822
174 41.7006,20.7556 102439.0 5459.0 41.3361,21.3331 2014_8_26 67.55457043414546
175 41.4647,21.0928 75418.0 3891.0 41.1594,21.2539 2014_8_26 69.77764070932922
176 40.9333,21.5667 90153.0 5156.0 41.4028,21.0017 2014_8_26 62.946237393328154
177 41.405,22.2489 176362.0 7484.0 40.8942,21.1408 2014_8_26 84.83474078033139
178 40.8942,21.1408 160393.0 8194.0 41.6836,21.1442 2014_8_26 70.46800097632413
179 41.9903,20.9458 167373.0 6976.0 41.9164,22.4128 2014_8_26 86.37368119266056
180 41.5931,21.4717 100957.0 5419.0 41.1083,21.3786 2014_8_26 67.0686842590884
181 41.2064,21.3589 174281.0 7507.0 41.4761,22.6417 2014_8_26 83.57687491674437
182 42.0,21.4333 159272.0 6333.0 41.2206,22.7061 2014_8_26 90.53832306963524
183 41.0956,21.3256 178538.0 7415.0 41.4053,22.6653 2014_8_26 86.68062036412675
184 40.8942,21.1408 162378.0 7235.0 41.5189,22.1283 2014_8_26 80.79624049758121
185 41.8353,22.0356 137593.0 5622.0 41.2206,22.7061 2014_8_26 88.10651013874066
186 41.2206,22.7061 263330.0 11360.0 41.1642,20.6233 2014_8_26 83.44964788732395
187 41.4383,22.7736 257914.0 9949.0 41.7686,20.8392 2014_8_26 93.32499748718463
188 42.0,21.4333 140627.0 6763.0 41.4958,22.385 2014_8_26 74.8568978264084
189 41.2217,21.2031 188397.0 8924.0 41.9297,22.5025 2014_8_26 76.00058269834155
190 41.6139,22.5422 196395.0 8569.0 42.1033,21.0778 2014_8_26 82.50927762866147
191 41.2406,20.5933 269151.0 11529.0 41.1392,22.5025 2014_8_26 84.04402810304452
192 42.0397,21.7561 100450.0 4519.0 41.4839,22.0892 2014_8_26 80.02212878955521
193 40.8942,21.1408 182520.0 9131.0 41.9153,20.9478 2014_8_26 71.96057386923667
194 42.0106,20.9714 144501.0 5398.0 41.5189,22.1283 2014_8_26 96.3696924786958
195 41.43,21.9247 114807.0 4888.0 41.1103,21.0114 2014_8_26 84.55507364975449
196 41.9228,22.4469 101732.0 5094.0 41.405,22.2489 2014_8_26 71.89540636042402
197 42.1644,21.1761 110703.0 5335.0 42.1572,21.9067 2014_8_26 74.70118088097469
