 destination distance_m duration_s origin time v_ave_kmph
0 4.9333,-52.3333 60986.0 3217.0 5.1552,-52.6478 2014_8_25 68.2466894622319
1 5.1552,-52.6478 60799.0 3275.0 4.9333,-52.3333 2014_8_25 66.83248854961832
2 4.9333,-52.3333 186795.0 9018.0 3.9,-51.8 2014_8_25 74.56886227544909
3 4.9333,-52.3333 9677.0 901.0 4.9167,-52.2667 2014_8_25 38.66503884572697
4 5.1552,-52.6478 154021.0 8486.0 5.6592,-53.7767 2014_8_25 65.34004242281405
5 5.1552,-52.6478 60799.0 3275.0 4.9333,-52.3333 2014_8_25 66.83248854961832
6 4.9,-52.5 35005.0 2527.0 4.9333,-52.3333 2014_8_25 49.86861891571034
7 5.1552,-52.6478 76863.0 3970.0 4.7263,-52.3274 2014_8_25 69.69944584382873
8 4.9333,-52.3333 60986.0 3217.0 5.1552,-52.6478 2014_8_25 68.2466894622319
9 5.1552,-52.6478 60799.0 3275.0 4.9333,-52.3333 2014_8_25 66.83248854961832
10 4.9333,-52.3333 60986.0 3217.0 5.1552,-52.6478 2014_8_25 68.2466894622319
11 5.1552,-52.6478 61293.0 3258.0 4.847,-52.3216 2014_8_25 67.72707182320443
