 destination distance_m duration_s origin time v_ave_kmph
0 36.2822,-85.0913 600442.0 21546.0 36.571,-90.4995 2014_8_8 100.32447786131998
1 34.3471,-78.2575 2126786.0 68631.0 31.641,-98.5276 2014_8_8 111.55934781658436
2 42.2727,-89.2373 768749.0 25843.0 39.0803,-94.7806 2014_8_8 107.0888209573192
3 42.2464,-85.0045 1752495.0 56480.0 32.9492,-96.4418 2014_8_8 111.70293909348442
4 30.6143,-87.2758 1325480.0 43586.0 36.8373,-77.287 2014_8_8 109.47845638507778
5 38.8206,-95.6871 2496618.0 84576.0 44.414,-71.7179 2014_8_8 106.26921112372305
6 36.5493,-93.3388 961298.0 34597.0 29.834,-95.4342 2014_8_8 100.0281180449172
7 35.5808,-82.6078 3661964.0 115852.0 34.0673,-117.9366 2014_8_8 113.79234195352691
8 37.6033,-81.54 3772969.0 119692.0 34.4222,-117.3025 2014_8_8 113.48033619623699
9 47.8129,-96.0117 1882927.0 65137.0 37.1971,-83.0817 2014_8_8 104.0658489030812
10 40.9008,-96.7201 1310291.0 46223.0 46.7708,-87.6726 2014_8_8 102.04979339289964
11 29.745,-95.7326 1622638.0 55351.0 40.0174,-87.2569 2014_8_8 105.53552420010479
12 41.4212,-70.6428 1288522.0 46787.0 38.349,-81.6306 2014_8_8 99.14461709449205
13 39.2129,-82.0218 817291.0 29517.0 42.4998,-76.3636 2014_8_8 99.67976420367924
14 41.4591,-97.0628 1076459.0 35583.0 32.8154,-96.6307 2014_8_8 108.90741084225613
15 37.8332,-81.9024 958493.0 33121.0 40.6306,-74.1379 2014_8_8 104.18087618127471
16 45.8755,-97.1073 433046.0 14827.0 42.99,-97.8633 2014_8_8 105.14369730896335
17 36.7464,-119.6397 3022676.0 96331.0 33.614,-92.0778 2014_8_8 112.96087033249941
18 34.3756,-80.0842 1789002.0 58933.0 39.6763,-94.8574 2014_8_8 109.28354572141242
19 32.6896,-111.531 639661.0 20218.0 34.1173,-117.4378 2014_8_8 113.89749727965179
20 40.6754,-76.1558 1359834.0 44667.0 37.0368,-88.5934 2014_8_8 109.59774330042313
21 55.2087,-132.8259 3552891.0 175558.0 39.7439,-104.9876 2014_8_8 72.85573770491806
22 36.0525,-79.1077 1089235.0 38376.0 41.9627,-71.7099 2014_8_8 102.17964352720448
23 41.6926,-97.6711 1769425.0 58090.0 33.9982,-84.3411 2014_8_8 109.65622310208298
24 40.2521,-79.9252 1778001.0 61954.0 42.8849,-98.7059 2014_8_8 103.31542111889469
25 41.8378,-87.7602 2214023.0 73588.0 47.5098,-111.2734 2014_8_8 108.31226286894602
26 38.8933,-77.0146 524921.0 18332.0 39.3251,-81.5411 2014_8_8 103.08289330133101
27 35.3739,-81.5437 507204.0 19481.0 34.6991,-77.135 2014_8_8 93.72898721831528
28 41.9174,-90.597 236921.0 8988.0 41.9177,-93.1796 2014_8_8 94.89492656875835
29 41.5511,-73.0645 95761.0 3628.0 41.119,-73.733 2014_8_8 95.02194046306505
30 43.5383,-84.3878 529537.0 17905.0 40.768,-81.4119 2014_8_8 106.46932141859816
31 46.0665,-123.2059 3764876.0 125306.0 31.0414,-93.8039 2014_8_8 108.16364419900084
32 40.7505,-115.3631 2328660.0 77774.0 44.8055,-93.7665 2014_8_8 107.78892689073471
33 41.3621,-73.92 438937.0 16233.0 39.5798,-77.1319 2014_8_8 97.34326372204771
34 43.0573,-92.952 2190556.0 72020.0 28.8866,-81.7391 2014_8_8 109.49738405998337
35 47.1887,-117.8755 4535064.0 148266.0 41.7562,-71.0671 2014_8_8 110.11445914774795
36 37.1195,-102.5464 757330.0 28357.0 37.6163,-94.8479 2014_8_8 96.14514934584057
37 33.6166,-84.2939 1044523.0 34524.0 38.8933,-77.0146 2014_8_8 108.91793534932222
38 42.6953,-96.492 2667355.0 84174.0 34.048,-118.115 2014_8_8 114.07890797633472
39 33.5378,-86.8068 769654.0 24941.0 39.772,-86.1535 2014_8_8 111.09235395533459
40 41.7759,-111.8068 2250850.0 73910.0 43.5352,-89.0068 2014_8_8 109.63414964145583
41 43.0377,-76.1396 4513476.0 144493.0 38.3072,-122.8558 2014_8_8 112.45190839694656
42 40.9214,-75.097 4021530.0 129592.0 44.1994,-117.5904 2014_8_8 111.716062719921
43 27.8293,-82.1357 1805888.0 60019.0 40.5293,-74.7401 2014_8_8 108.31897898998648
44 42.2786,-89.0361 3523625.0 111148.0 36.49,-121.4103 2014_8_8 114.12755965019613
45 46.235,-119.0943 2854540.0 93418.0 42.3791,-89.8253 2014_8_8 110.0038964653493
46 42.8524,-73.8701 597630.0 21198.0 39.1843,-76.9686 2014_8_8 101.49391452023777
47 40.3477,-75.0968 1997698.0 65346.0 25.6062,-80.3426 2014_8_8 110.05589936644935
48 43.0968,-124.4037 4658210.0 156124.0 31.156,-85.3559 2014_8_8 107.41177525556608
49 39.378,-78.1141 1536626.0 49888.0 27.9002,-81.5847 2014_8_8 110.88545542014113
50 35.9636,-95.5139 489244.0 18075.0 37.7847,-98.9017 2014_8_8 97.44278838174273
51 45.3687,-113.3598 819955.0 35046.0 48.248,-119.7525 2014_8_8 84.22752953261427
52 39.694,-77.3357 4194801.0 134774.0 34.003,-118.2863 2014_8_8 112.04893822250584
53 26.1457,-80.4483 1849541.0 58423.0 39.4145,-84.0511 2014_8_8 113.96791674511749
54 46.073,-87.5954 2305836.0 78925.0 29.834,-95.4342 2014_8_8 105.17592144440924
55 33.4298,-84.8744 1120692.0 37546.0 38.9982,-77.0338 2014_8_8 107.45462099824215
56 42.2469,-74.1353 2882705.0 94764.0 29.1704,-96.0142 2014_8_8 109.51139673293656
57 42.075,-72.0353 2301770.0 76663.0 36.8764,-94.8719 2014_8_8 108.08828248307528
58 40.7101,-74.0013 1300027.0 46291.0 39.8009,-87.8747 2014_8_8 101.10166555053898
59 31.864,-103.9297 2409003.0 76801.0 32.0093,-81.157 2014_8_8 112.92054530539968
60 44.3575,-72.5046 686772.0 26226.0 40.4187,-76.2944 2014_8_8 94.27206588881263
61 37.0116,-89.7984 1411154.0 46980.0 38.8808,-77.113 2014_8_8 108.13440613026822
62 40.5702,-78.5991 2021806.0 67918.0 31.7476,-93.0791 2014_8_8 107.16601784504844
63 37.2193,-83.901 970201.0 32076.0 30.6143,-87.2758 2014_8_8 108.88900112233446
64 39.1219,-77.9901 321500.0 14953.0 39.0839,-80.7549 2014_8_8 77.40252792081856
65 47.6513,-114.2124 1314777.0 46711.0 45.7084,-101.1546 2014_8_8 101.32939136391857
66 38.7516,-79.5819 1036220.0 40714.0 43.6576,-72.5459 2014_8_8 91.62430613548166
67 39.7505,-84.2686 1916382.0 64125.0 46.4624,-101.5387 2014_8_8 107.58635789473685
68 40.2016,-74.705 151874.0 6206.0 40.7548,-73.6018 2014_8_8 88.09964550435062
69 40.3283,-91.197 1038167.0 37854.0 40.1398,-101.7399 2014_8_8 98.7320019020447
70 38.8539,-76.8891 3132509.0 100677.0 34.485,-106.7591 2014_8_8 112.01200274144043
71 38.1797,-79.1413 1857380.0 63401.0 44.9895,-93.8802 2014_8_8 105.46470875853693
72 33.7629,-117.9303 2414552.0 75694.0 31.6328,-96.2778 2014_8_8 114.83588131159672
73 41.1838,-93.1582 1231180.0 43622.0 37.7047,-82.2739 2014_8_8 101.60579524093347
74 40.1918,-74.0167 524357.0 19727.0 38.0654,-78.5958 2014_8_8 95.69043442996909
75 32.1785,-96.8823 3470076.0 112350.0 47.6379,-122.3643 2014_8_8 111.19068624833113
76 40.0974,-83.269 1425934.0 49788.0 47.4197,-91.2096 2014_8_8 103.10441070137385
77 41.8734,-71.5569 1176662.0 39691.0 42.5582,-83.4773 2014_8_8 106.7240230782797
78 30.0447,-90.7008 2688772.0 89145.0 43.7719,-70.6396 2014_8_8 108.58241292276631
79 33.7245,-89.5754 837960.0 29707.0 35.289,-82.3916 2014_8_8 101.54697546032922
80 41.1163,-74.0736 4443420.0 142150.0 39.266,-120.6414 2014_8_8 112.53121350685896
81 38.556,-97.8381 759451.0 25925.0 40.9646,-91.5614 2014_8_8 105.45896239151399
82 41.7918,-72.7188 1290647.0 44746.0 37.3676,-82.9107 2014_8_8 103.83786707191703
83 36.1089,-91.0604 853455.0 30052.0 37.4922,-83.3762 2014_8_8 102.23738852655396
84 42.0194,-92.1046 1394928.0 44889.0 32.3937,-97.3287 2014_8_8 111.87018645993452
85 32.546,-96.2852 1257501.0 40505.0 34.0047,-84.1532 2014_8_8 111.76406863350205
86 32.4925,-89.4946 1541802.0 50475.0 41.837,-80.9555 2014_8_8 109.96507578008915
87 44.4499,-73.6857 1582510.0 52749.0 36.115,-84.0438 2014_8_8 108.00272990957174
88 42.755,-78.7849 580178.0 21685.0 40.0603,-75.1048 2014_8_8 96.31730689416649
89 40.7956,-89.2093 992102.0 33483.0 40.4603,-79.0097 2014_8_8 106.6680763372458
90 38.8633,-81.8186 317418.0 11696.0 37.7164,-84.2997 2014_8_8 97.70047879616962
91 40.7548,-73.6018 430060.0 15563.0 43.2193,-75.4498 2014_8_8 99.480562873482
92 41.3924,-83.649 2663632.0 85795.0 39.292,-110.9741 2014_8_8 111.76729646249778
93 33.7866,-118.2987 3825030.0 121222.0 38.0737,-81.4511 2014_8_8 113.59413307815413
94 39.8019,-91.8606 1399470.0 48859.0 29.9966,-97.8335 2014_8_8 103.11492253218442
95 25.9446,-81.7058 1758353.0 57316.0 39.0853,-77.6452 2014_8_8 110.44160094912417
96 31.9425,-83.5579 3119222.0 98903.0 45.1089,-107.4303 2014_8_8 113.53749835697604
97 43.5265,-96.0112 3038376.0 97673.0 36.6062,-121.9089 2014_8_8 111.98748477061214
98 39.4794,-92.9302 1504701.0 49814.0 36.0661,-79.8067 2014_8_8 108.74299594491508
99 43.0201,-71.5697 638392.0 28191.0 46.5162,-68.8868 2014_8_8 81.52286900074492
100 32.6529,-80.1829 4534520.0 149274.0 48.4143,-119.5272 2014_8_8 109.35777161461472
101 41.6864,-92.0636 1077218.0 36441.0 40.3745,-81.0004 2014_8_8 106.41817732773524
102 35.7533,-83.8243 1046171.0 34350.0 38.8253,-92.5974 2014_8_8 109.64237554585152
103 45.9783,-108.1945 2535305.0 82774.0 36.1866,-86.7852 2014_8_8 110.26527653611038
104 37.2781,-89.8061 1067810.0 37418.0 44.6311,-86.2212 2014_8_8 102.73440590090333
105 32.3113,-90.3972 2058842.0 66952.0 42.824,-76.0624 2014_8_8 110.7036563508185
106 32.5769,-93.2507 882949.0 31102.0 38.013,-88.6961 2014_8_8 102.19974278181469
107 43.9858,-93.4667 1479642.0 50477.0 40.4625,-79.0128 2014_8_8 105.52749172890623
108 43.0878,-73.6007 1157416.0 39029.0 42.2076,-86.0525 2014_8_8 106.75901509134235
109 36.0649,-77.3645 144585.0 5400.0 35.7645,-78.7112 2014_8_8 96.39
110 39.9331,-102.3193 2700735.0 88020.0 35.4702,-76.7715 2014_8_8 110.459509202454
111 40.7548,-73.6018 1549460.0 54151.0 37.8047,-88.8081 2014_8_8 103.00928884046465
112 35.9632,-77.2236 1855170.0 62968.0 45.9107,-86.8845 2014_8_8 106.06358785414814
113 38.9643,-119.9068 3842650.0 123223.0 40.6372,-80.0811 2014_8_8 112.2642688459135
114 32.5244,-97.2609 2052734.0 68547.0 39.4306,-79.5197 2014_8_8 107.80694122281065
115 38.5443,-122.8073 2859146.0 92914.0 46.9346,-97.2297 2014_8_8 110.7790602062122
116 42.643,-85.2937 797583.0 28802.0 37.7932,-81.2061 2014_8_8 99.69095201722105
117 39.1773,-84.7627 1044237.0 36959.0 40.8404,-95.2888 2014_8_8 101.71414811006792
118 48.2801,-104.9441 3565398.0 116778.0 29.391,-81.8551 2014_8_8 109.91310692082413
119 37.9346,-85.6554 201638.0 8682.0 39.0295,-86.8675 2014_8_8 83.609398756047
120 42.9571,-74.4021 2244077.0 74046.0 43.234,-97.565 2014_8_8 109.10349242362857
121 37.1108,-90.4514 435638.0 14589.0 40.4273,-89.4214 2014_8_8 107.49858112276371
122 41.1709,-74.3686 270288.0 10552.0 40.0418,-76.3012 2014_8_8 92.21349507202429
123 32.5518,-89.3574 2345061.0 76653.0 44.6862,-73.6702 2014_8_8 110.1355406833392
124 38.9202,-77.0375 717247.0 25623.0 37.2589,-82.4613 2014_8_8 100.77232174218477
125 38.8834,-77.0282 4478062.0 144804.0 47.2113,-122.4126 2014_8_8 111.32995773597416
126 44.299,-68.2463 3054396.0 102603.0 43.2573,-98.1596 2014_8_8 107.16865588725477
127 42.0539,-90.3954 1032528.0 34960.0 40.2149,-80.1791 2014_8_8 106.32439359267734
128 31.6948,-106.3 435867.0 13945.0 31.8599,-102.7413 2014_8_8 112.52213696665471
129 42.5868,-114.2467 2909978.0 93349.0 38.9567,-84.8807 2014_8_8 112.22317111056358
130 35.3972,-113.8432 2019645.0 63975.0 36.973,-94.0024 2014_8_8 113.64942555685816
131 37.1894,-121.7053 4284162.0 137384.0 35.4733,-80.8726 2014_8_8 112.26185873173004
132 29.6768,-95.1776 1883677.0 64987.0 43.2978,-88.5205 2014_8_8 104.34759567298076
133 39.9832,-75.7481 1609983.0 53661.0 42.1743,-91.9892 2014_8_8 108.0102644378599
134 35.4231,-83.7795 745819.0 27056.0 35.8439,-90.1806 2014_8_8 99.23670904790066
135 37.1045,-93.7976 603559.0 20212.0 40.8473,-96.6289 2014_8_8 107.50110825252324
136 38.8336,-76.8777 829138.0 31125.0 44.4421,-73.0825 2014_8_8 95.90029879518072
137 47.3429,-123.9291 1864988.0 63169.0 33.7866,-118.2987 2014_8_8 106.28562744384114
138 39.1668,-84.5382 638017.0 22018.0 42.0528,-79.1318 2014_8_8 104.31743119266056
139 36.8927,-81.7402 759389.0 26155.0 37.8273,-75.6156 2014_8_8 104.52305104186578
140 41.6868,-83.4394 487357.0 18081.0 40.1924,-87.9742 2014_8_8 97.034743653559
141 39.1661,-94.464 1112073.0 36730.0 43.3645,-85.3792 2014_8_8 108.99708140484616
142 43.2291,-76.7146 1238328.0 41863.0 37.9971,-87.575 2014_8_8 106.48975945345532
143 36.3983,-84.4288 601311.0 20424.0 39.6909,-82.4096 2014_8_8 105.98901292596943
144 27.4203,-80.9454 3902344.0 124736.0 39.9737,-111.8037 2014_8_8 112.62537198563366
145 36.2768,-85.7475 1020864.0 35850.0 43.8866,-84.4241 2014_8_8 102.51353974895395
146 41.8529,-71.1485 1493286.0 52387.0 36.9195,-83.851 2014_8_8 102.61762651039379
147 32.6446,-89.5494 2552387.0 87749.0 38.3278,-111.5264 2014_8_8 104.7145061482182
148 41.3421,-72.4404 2551192.0 87124.0 42.9225,-99.4466 2014_8_8 105.41631697350904
149 32.8733,-90.8833 454740.0 17898.0 33.5339,-94.7867 2014_8_8 91.46630908481394
150 36.1372,-99.267 2741651.0 91331.0 42.0929,-72.5274 2014_8_8 108.06783676955251
151 34.22,-91.0086 1377302.0 47597.0 34.5304,-78.1671 2014_8_8 104.17226295774944
152 40.6622,-75.3903 1834421.0 60813.0 42.7635,-94.2719 2014_8_8 108.5938138227024
153 33.442,-80.7975 803492.0 26236.0 38.8158,-76.75 2014_8_8 110.25198963256594
154 28.4364,-99.7486 3745013.0 122139.0 44.5492,-69.7132 2014_8_8 110.38281629946206
155 39.1503,-77.0291 811939.0 26968.0 33.995,-81.0888 2014_8_8 108.38699199050728
156 36.6744,-101.7137 1575814.0 53841.0 38.2536,-85.6622 2014_8_8 105.3645066027748
157 39.5455,-98.6904 806883.0 27788.0 44.1111,-94.9134 2014_8_8 104.5335684468116
158 48.0196,-106.447 3262328.0 107678.0 42.22,-73.1979 2014_8_8 109.06945522762312
159 47.9853,-101.8149 1341953.0 44056.0 43.5795,-88.4513 2014_8_8 109.65659161067732
160 40.6731,-89.5514 1267480.0 42108.0 32.8999,-96.7897 2014_8_8 108.36249643773156
161 37.5451,-101.9109 2397969.0 80827.0 39.959,-76.6592 2014_8_8 106.8045133433135
162 39.6366,-79.8956 2508371.0 83632.0 48.8856,-103.0098 2014_8_8 107.97464606849053
163 43.2629,-71.1071 199479.0 8251.0 41.8529,-71.1485 2014_8_8 87.0348321415586
164 48.6982,-100.9681 1858060.0 65318.0 36.1321,-106.0022 2014_8_8 102.40693223919901
165 42.55,-111.74 3584118.0 116115.0 37.3122,-76.5188 2014_8_8 111.12108513112
166 35.7533,-83.8243 1846486.0 61827.0 45.8858,-96.1342 2014_8_8 107.515318550148
167 39.7495,-89.606 889632.0 28637.0 36.2902,-97.0228 2014_8_8 111.83696616265672
168 42.2085,-76.5717 1035309.0 36247.0 40.4732,-87.0276 2014_8_8 102.82540348166744
169 39.8081,-85.0032 3388075.0 109892.0 48.578,-117.8645 2014_8_8 110.99142794743929
170 39.2803,-79.3296 2055648.0 67805.0 36.809,-99.1319 2014_8_8 109.14140255143428
171 34.8739,-76.5871 2109336.0 69533.0 29.7392,-95.24 2014_8_8 109.20871528626695
172 34.3344,-82.4002 3757463.0 117683.0 33.46,-117.6632 2014_8_8 114.9432526363196
173 36.7311,-93.5674 1845418.0 58165.0 35.2257,-111.5741 2014_8_8 114.21825496432564
174 37.5381,-82.7976 488433.0 18115.0 40.0946,-80.5551 2014_8_8 97.06645321556721
175 35.6576,-99.9166 2587129.0 85927.0 40.7056,-74.0083 2014_8_8 108.3904290851537
176 34.4213,-97.5151 2290173.0 75928.0 42.4297,-76.9258 2014_8_8 108.58474870930357
177 42.1859,-76.6819 3401091.0 112041.0 43.7266,-111.9837 2014_8_8 109.28077757249578
178 35.1787,-89.9682 879811.0 28588.0 41.5859,-90.3432 2014_8_8 110.79192668252415
179 38.3774,-121.4444 3233340.0 104795.0 37.6722,-91.0835 2014_8_8 111.07423064077484
180 35.1021,-90.033 664979.0 23865.0 30.5297,-87.2757 2014_8_8 100.31109993714644
181 31.6453,-90.1801 1693035.0 55497.0 38.7361,-76.5835 2014_8_8 109.82442294178064
182 35.5335,-97.9591 2640493.0 88799.0 42.9508,-118.695 2014_8_8 107.04821901147535
183 40.444,-79.9552 1783589.0 59022.0 35.942,-97.5969 2014_8_8 108.78859408356207
184 35.3344,-105.4652 3380607.0 110976.0 42.0718,-72.6751 2014_8_8 109.66501946366782
185 38.7337,-78.0756 421186.0 16197.0 40.6718,-80.2917 2014_8_8 93.61422485645492
186 39.2055,-93.5257 1938470.0 64104.0 45.628,-110.9013 2014_8_8 108.86203669037813
187 46.1733,-103.402 2153690.0 71907.0 38.9953,-121.368 2014_8_8 107.823772372648
188 39.9241,-77.7908 312712.0 11362.0 41.4395,-75.4313 2014_8_8 99.08142932582292
189 30.3728,-89.3779 1041741.0 34100.0 32.9252,-80.7032 2014_8_8 109.97852199413492
190 35.8673,-78.5381 4022220.0 127580.0 34.1173,-117.4378 2014_8_8 113.49735068192508
191 31.0534,-89.4543 1147556.0 38526.0 33.6625,-79.5589 2014_8_8 107.23152156984894
192 41.7308,-95.2671 1851651.0 61940.0 35.26,-80.8042 2014_8_8 107.61936712948014
193 40.7415,-74.233 3203690.0 108405.0 45.3089,-107.9257 2014_8_8 106.390701535907
194 45.4227,-118.8483 4304240.0 139288.0 35.7977,-78.6253 2014_8_8 111.24622365171444
195 34.7055,-112.0091 3118034.0 98475.0 38.2968,-81.5547 2014_8_8 113.98753389185072
196 32.7015,-114.6424 3670536.0 114525.0 27.9787,-81.7564 2014_8_8 115.38030648330057
197 44.2204,-72.2175 1865086.0 63531.0 33.7715,-83.1159 2014_8_8 105.68556452755348
198 37.5838,-116.5986 1587973.0 60062.0 48.1552,-116.9781 2014_8_8 95.18002730511805
199 30.2632,-85.2065 3293310.0 110789.0 42.8701,-110.9401 2014_8_8 107.01347606711857
200 26.6065,-81.9502 2542142.0 81762.0 40.8195,-96.7545 2014_8_8 111.93110736038747
201 38.594,-82.3967 968852.0 33410.0 41.0443,-74.0981 2014_8_8 104.39590541753971
202 38.2158,-112.2049 1129316.0 37315.0 41.822,-103.6629 2014_8_8 108.95183170306848
203 45.8433,-113.8748 2080548.0 71600.0 39.9809,-95.1234 2014_8_8 104.60855865921788
204 36.4671,-81.1529 918752.0 32316.0 40.773,-73.9566 2014_8_8 102.34890456739694
205 41.0113,-80.4975 988218.0 33943.0 42.7711,-71.1221 2014_8_8 104.8105588781192
206 40.7484,-73.9967 724318.0 27086.0 44.4883,-68.5063 2014_8_8 96.26909842723178
207 30.4441,-95.4506 228318.0 8632.0 31.0895,-97.3343 2014_8_8 95.2206672845227
208 39.2127,-94.6383 961315.0 32229.0 32.8071,-91.1906 2014_8_8 107.37950293214186
209 38.0451,-90.2805 559431.0 19536.0 37.6603,-85.3932 2014_8_8 103.08925061425062
210 38.8595,-75.8357 532739.0 19476.0 39.4125,-80.6352 2014_8_8 98.47301293900185
211 40.0956,-75.3737 1492222.0 48340.0 33.1767,-87.3871 2014_8_8 111.1294828299545
212 43.2744,-113.8926 1407913.0 53485.0 42.9225,-99.4466 2014_8_8 94.7646405534262
213 36.8393,-100.2179 2866092.0 97471.0 41.8729,-71.3907 2014_8_8 105.85642088416044
214 46.5128,-102.8358 929822.0 32195.0 39.7474,-104.9928 2014_8_8 103.97139928560335
215 30.5653,-84.736 1031895.0 32039.0 35.7727,-78.6324 2014_8_8 115.94687724335964
216 40.3411,-94.4142 1341755.0 44960.0 48.3369,-101.4513 2014_8_8 107.43589857651249
217 32.1634,-81.8719 1726989.0 57851.0 42.6911,-71.1605 2014_8_8 107.4685035695148
218 41.4776,-74.5976 3477513.0 112296.0 31.6948,-106.3 2014_8_8 111.4825710621928
219 37.5735,-122.0469 4176227.0 131133.0 30.6512,-84.5866 2014_8_8 114.65014298460345
220 33.6422,-117.8631 4189523.0 133139.0 38.918,-78.1946 2014_8_8 113.28222985000635
221 34.9083,-111.463 2206097.0 71782.0 34.0604,-90.5011 2014_8_8 110.63984285754087
222 41.28,-72.8106 3629200.0 117156.0 40.6551,-111.834 2014_8_8 111.5190003072826
223 33.2734,-97.2675 2512859.0 83230.0 40.3282,-74.0589 2014_8_8 108.69028475309385
224 38.6208,-100.4177 1798660.0 59757.0 36.9234,-82.7964 2014_8_8 108.35845172950451
225 28.0501,-81.5052 918493.0 30313.0 35.26,-80.8042 2014_8_8 109.08108072444165
226 32.5286,-92.0727 3752752.0 121225.0 45.5441,-122.6423 2014_8_8 111.44489338007835
227 31.459,-81.3689 1601940.0 53838.0 43.2404,-83.9511 2014_8_8 107.11735205616851
228 42.3661,-83.1422 459867.0 15115.0 40.463,-80.0108 2014_8_8 109.52836255375456
229 45.5704,-113.9913 3393103.0 115274.0 38.0413,-81.0648 2014_8_8 105.9664000555199
230 42.0369,-84.0768 2013778.0 64728.0 39.7619,-105.6655 2014_8_8 112.00100111234705
231 38.351,-85.8996 3377044.0 106001.0 33.7866,-118.2987 2014_8_8 114.69097838699636
232 38.2101,-81.3851 490586.0 17864.0 38.4684,-77.4612 2014_8_8 98.8641737572772
233 32.7673,-96.7776 1326238.0 45174.0 36.8017,-84.684 2014_8_8 105.6903705671404
234 37.3569,-98.8098 1747991.0 60460.0 46.5007,-87.5829 2014_8_8 104.08150181938473
235 46.2765,-107.3072 2738260.0 90195.0 38.0444,-81.7938 2014_8_8 109.29359720605356
236 45.8176,-95.6945 1539007.0 50863.0 36.6033,-88.0923 2014_8_8 108.92839981912195
237 36.0756,-79.0914 1249119.0 42560.0 41.8724,-87.6688 2014_8_8 105.6585620300752
238 38.1242,-86.996 322582.0 10740.0 38.6108,-90.292 2014_8_8 108.12804469273745
239 46.018,-106.992 3115273.0 103150.0 40.098,-75.1078 2014_8_8 108.72499079011149
240 44.536,-73.2022 4679851.0 154222.0 33.7074,-117.7054 2014_8_8 109.24163608304913
241 35.5855,-100.1679 1555195.0 49616.0 45.0467,-93.431 2014_8_8 112.8406562399226
242 42.8977,-85.7186 948676.0 32547.0 36.933,-83.1617 2014_8_8 104.93236242971705
243 48.2924,-118.3552 3329493.0 110972.0 30.2269,-98.5396 2014_8_8 108.01080272501171
244 43.5856,-97.2889 886043.0 31202.0 36.7114,-95.894 2014_8_8 102.22917761681944
245 48.3534,-114.1784 1907259.0 62378.0 38.3774,-121.4444 2014_8_8 110.07298085863606
246 40.7803,-87.5736 396586.0 13689.0 40.0139,-83.8332 2014_8_8 104.29612097304405
247 30.0416,-99.1408 3121892.0 103336.0 41.7077,-73.109 2014_8_8 108.75988232561741
248 35.9993,-85.9447 835167.0 29675.0 40.0204,-80.7638 2014_8_8 101.31764785172705
249 41.7454,-87.7135 1352174.0 45790.0 41.3089,-73.3637 2014_8_8 106.3076304870059
250 40.1095,-88.2036 1478787.0 51950.0 41.0556,-72.429 2014_8_8 102.47609624639077
251 34.2474,-90.4981 596213.0 20278.0 38.8469,-88.7614 2014_8_8 105.84706578558044
252 44.1447,-103.0759 1741547.0 55784.0 37.578,-88.7454 2014_8_8 112.39009751900188
253 41.7638,-72.673 2371296.0 79002.0 43.6746,-96.7913 2014_8_8 108.05632262474369
254 32.7673,-96.7776 1736082.0 55825.0 34.6863,-79.9174 2014_8_8 111.95513121361398
255 37.3752,-81.6539 731604.0 29348.0 41.5566,-84.8951 2014_8_8 89.74289219026848
256 40.9948,-87.1037 704007.0 24905.0 37.3774,-82.6869 2014_8_8 101.76371009837385
257 41.119,-73.733 1969415.0 66414.0 44.2945,-93.2818 2014_8_8 106.75300388472307
258 40.8505,-94.0841 582029.0 19612.0 42.2206,-88.9619 2014_8_8 106.83787477054865
259 32.2298,-97.7629 2214038.0 72404.0 39.4311,-77.8158 2014_8_8 110.08420529252527
260 36.2844,-90.8538 3563225.0 117391.0 47.2038,-122.4825 2014_8_8 109.27251663245052
261 37.8108,-120.2988 4720202.0 155939.0 43.4305,-73.2027 2014_8_8 108.9703486619768
262 26.0539,-97.3125 2744977.0 92154.0 41.3244,-80.4197 2014_8_8 107.23264535451528
263 33.6042,-117.7154 2533396.0 80474.0 40.478,-95.6193 2014_8_8 113.33133185873699
264 43.066,-94.2306 969972.0 33424.0 37.802,-88.5487 2014_8_8 104.4728099569172
265 42.3708,-73.8625 1190876.0 39775.0 39.0873,-84.549 2014_8_8 107.78513136392206
266 35.5565,-78.264 2276254.0 72684.0 28.9445,-97.9707 2014_8_8 112.74165428429914
267 43.8128,-90.6801 630417.0 30754.0 44.6428,-85.7113 2014_8_8 73.79531768225272
268 29.4321,-97.5531 2892040.0 94843.0 40.7548,-73.6018 2014_8_8 109.77451156121168
269 35.4715,-86.489 1238848.0 41591.0 32.425,-97.7742 2014_8_8 107.2311990574884
270 40.6388,-79.3191 1460780.0 49633.0 45.0059,-93.1059 2014_8_8 105.95386134225214
271 45.0159,-93.4719 1684601.0 54935.0 33.7684,-86.8084 2014_8_8 110.39525985255302
272 39.9621,-75.8025 1731078.0 58286.0 39.035,-94.3567 2014_8_8 106.91899941666952
273 41.2954,-90.2905 1028048.0 34616.0 40.4413,-79.2533 2014_8_8 106.91509128726601
274 36.8421,-85.5396 768304.0 28341.0 39.4306,-79.5197 2014_8_8 97.59339472848524
275 33.6184,-80.2116 1433529.0 48950.0 42.0257,-71.0988 2014_8_8 105.42807763023492
276 42.9662,-106.807 2021678.0 67066.0 36.1951,-90.3837 2014_8_8 108.52057376315868
277 42.0579,-73.9025 1391624.0 46837.0 37.4581,-85.3572 2014_8_8 106.9634348912185
278 35.1173,-83.2952 1246754.0 41376.0 41.3949,-89.7115 2014_8_8 108.47627610208818
279 42.3929,-73.2285 3208070.0 104316.0 27.777,-97.4632 2014_8_8 110.71218221557577
280 40.7038,-84.3412 1238007.0 42782.0 42.2653,-71.8794 2014_8_8 104.17524192417372
281 37.7503,-76.5096 1921255.0 65727.0 43.4457,-92.761 2014_8_8 105.23100095851021
282 32.5726,-84.2343 984694.0 33845.0 38.0768,-79.3619 2014_8_8 104.73920520017728
283 38.4074,-95.2489 470079.0 15624.0 41.7771,-93.2058 2014_8_8 108.31313364055299
284 44.3756,-68.7313 1889808.0 66358.0 33.0863,-80.6228 2014_8_8 102.52431959974682
285 44.703,-74.6805 902300.0 34345.0 38.9908,-79.1293 2014_8_8 94.57795894598922
286 43.1956,-72.2686 4899287.0 159166.0 37.683,-121.763 2014_8_8 110.81156277094357
287 40.3696,-80.0439 218868.0 8294.0 40.9684,-81.7826 2014_8_8 94.99937304075236
288 44.3165,-121.5091 3491751.0 114733.0 38.8772,-87.085 2014_8_8 109.56136072446465
289 37.0423,-122.2137 1352420.0 45716.0 41.9213,-112.0026 2014_8_8 106.49908128445179
290 33.126,-90.5318 1585267.0 53146.0 37.8364,-76.9138 2014_8_8 107.38270424867348
291 38.9144,-77.074 504435.0 19000.0 40.9223,-72.6371 2014_8_8 95.57715789473684
292 42.2399,-83.1508 1221304.0 40280.0 33.6539,-83.7058 2014_8_8 109.15328699106256
293 38.8938,-77.0218 1803423.0 62637.0 46.4071,-90.84 2014_8_8 103.64996407873942
294 43.6457,-94.9938 2020891.0 68210.0 41.719,-74.7554 2014_8_8 106.65895909690659
295 33.7866,-118.2987 3371734.0 107054.0 39.8977,-86.1797 2014_8_8 113.38429577596352
296 41.6387,-73.2091 3603562.0 119336.0 32.0682,-106.631 2014_8_8 108.70837970101229
297 38.4972,-78.3229 809376.0 29736.0 41.8547,-71.4735 2014_8_8 97.98740920096851
298 37.4581,-85.3572 978969.0 34748.0 30.2632,-85.2065 2014_8_8 101.4242085875446
299 41.5618,-90.5403 622229.0 21051.0 38.8174,-86.069 2014_8_8 106.409405728944
300 39.8331,-89.8686 1828610.0 59258.0 27.4054,-82.5435 2014_8_8 111.09041817138613
301 35.9553,-119.2564 4199662.0 133859.0 38.0936,-78.5611 2014_8_8 112.9455860270882
302 40.5383,-106.5321 1724368.0 57482.0 43.7172,-90.6205 2014_8_8 107.9942381963049
303 33.6856,-112.3659 1640761.0 51915.0 30.2268,-98.1029 2014_8_8 113.77712799768852
304 33.7866,-118.2987 1355486.0 45004.0 43.6378,-123.59 2014_8_8 108.42924184516932
305 45.3063,-92.1395 1235734.0 42792.0 37.3379,-85.3304 2014_8_8 103.95967470555244
306 41.3691,-71.8126 1675200.0 56745.0 34.5001,-86.1353 2014_8_8 106.27755749405236
307 37.1355,-81.5634 783354.0 27059.0 39.865,-75.2752 2014_8_8 104.21946117742712
308 31.3488,-88.3766 1425454.0 48700.0 42.2365,-91.8881 2014_8_8 105.37236960985628
309 32.2972,-96.1184 2611266.0 86707.0 41.3072,-72.8654 2014_8_8 108.41751646349199
310 43.4213,-98.3564 1391582.0 46244.0 39.6199,-85.4655 2014_8_8 108.33178790762042
311 32.1838,-94.3087 1419057.0 48123.0 37.4367,-82.801 2014_8_8 106.15724705442305
312 36.8226,-89.3462 879455.0 30311.0 37.1355,-81.5634 2014_8_8 104.4517831810234
313 38.5436,-81.9414 2745560.0 87780.0 32.146,-106.6676 2014_8_8 112.59986329460013
314 44.9682,-93.2429 2722608.0 86507.0 48.079,-121.9428 2014_8_8 113.30168425676537
315 48.7974,-122.4448 4568708.0 148960.0 30.3128,-87.7431 2014_8_8 110.4145327604726
316 44.4272,-72.0051 4014386.0 132104.0 45.9053,-112.6377 2014_8_8 109.39706292012356
317 38.9575,-94.6452 1013030.0 34211.0 44.2937,-88.0275 2014_8_8 106.60045014761332
318 37.8002,-122.4091 1459126.0 54328.0 48.4876,-119.5803 2014_8_8 96.687777941393
319 33.2765,-112.1872 2141071.0 66675.0 32.6525,-92.3745 2014_8_8 115.6033835770529
320 37.1531,-82.9548 640792.0 23391.0 41.0491,-85.1462 2014_8_8 98.62131589072719
321 29.4969,-98.4032 649317.0 22758.0 32.6076,-93.7526 2014_8_8 102.71294489849724
322 36.0021,-108.6229 1684404.0 55485.0 30.0563,-95.2107 2014_8_8 109.28817518248177
323 37.3894,-121.8868 4098376.0 130392.0 41.096,-80.6259 2014_8_8 113.15229155162892
324 30.6876,-93.7665 2440482.0 83898.0 41.8492,-74.6127 2014_8_8 104.7192447972538
325 38.8994,-77.0403 1629778.0 52329.0 26.7357,-81.8435 2014_8_8 112.12140113512585
326 35.1996,-106.6448 3217175.0 105303.0 40.7354,-73.9968 2014_8_8 109.98575539158428
327 42.6305,-86.072 672239.0 22635.0 38.0939,-88.5286 2014_8_8 106.91673956262426
328 35.216,-80.8358 1357308.0 46203.0 40.2339,-90.619 2014_8_8 105.75739237711838
329 47.5128,-123.0631 3833018.0 128512.0 27.3849,-98.309 2014_8_8 107.37413471115538
330 35.9901,-83.9622 1372849.0 44550.0 35.2343,-97.2914 2014_8_8 110.93729292929295
331 32.9013,-91.0286 3407029.0 110679.0 38.3086,-120.268 2014_8_8 110.81871357710136
332 33.7866,-118.2987 2279069.0 74927.0 48.4457,-115.331 2014_8_8 109.50189384334084
333 33.7866,-118.2987 1602628.0 53162.0 45.5473,-122.4414 2014_8_8 108.52602987096044
334 36.6673,-81.9648 1384236.0 48706.0 41.0585,-93.4836 2014_8_8 102.31284851968957
335 30.0276,-90.8605 1992177.0 65236.0 40.8344,-76.8354 2014_8_8 109.93680176589613
336 38.193,-87.6992 1160801.0 38108.0 38.8933,-77.0146 2014_8_8 109.65895874881916
337 46.2,-89.7387 479616.0 17014.0 42.3835,-88.9185 2014_8_8 101.4821676266604
338 40.6949,-81.7026 595103.0 23860.0 38.3352,-77.7709 2014_8_8 89.7892204526404
339 41.5019,-82.0111 470897.0 19301.0 38.0741,-82.7447 2014_8_8 87.83115900730532
340 33.7644,-116.3398 4619835.0 150050.0 42.1756,-71.6032 2014_8_8 110.83909363545484
341 40.9223,-72.6371 2618556.0 89114.0 42.9146,-100.9884 2014_8_8 105.78362097986849
342 44.8438,-87.3753 1294742.0 45437.0 37.288,-82.0274 2014_8_8 102.58316350111143
343 38.0094,-77.2251 1408848.0 48758.0 43.0685,-87.9715 2014_8_8 104.02093605151975
344 42.1348,-123.6272 1163879.0 44774.0 36.626,-117.2186 2014_8_8 93.58030106758386
345 28.2478,-82.4962 493310.0 16602.0 31.5789,-84.2118 2014_8_8 106.97000361402245
346 47.4497,-122.3076 180762.0 7427.0 48.0881,-123.1198 2014_8_8 87.6185808536421
347 40.4633,-87.8056 2305240.0 73999.0 40.7548,-111.881 2014_8_8 112.14832632873414
348 42.3929,-73.2285 2780347.0 91212.0 32.7714,-97.2915 2014_8_8 109.7361005130904
349 42.5992,-84.372 971656.0 33562.0 37.5055,-90.845 2014_8_8 104.22387223645792
350 35.1104,-106.5781 2928175.0 94340.0 35.1419,-78.0992 2014_8_8 111.73871104515585
351 26.2792,-98.1832 502748.0 16693.0 30.3264,-97.7713 2014_8_8 108.42226082789192
352 41.1148,-95.9076 620480.0 20384.0 44.9384,-93.2214 2014_8_8 109.58241758241758
353 37.0042,-89.5266 1619421.0 54981.0 42.9162,-75.3545 2014_8_8 106.03509576035358
354 39.6667,-105.0854 1880317.0 59368.0 34.5476,-89.6129 2014_8_8 114.02003099312759
355 30.1054,-93.0372 1528792.0 53937.0 41.8452,-93.9056 2014_8_8 102.038511596863
356 38.7219,-77.4669 3900802.0 126876.0 47.8111,-115.5592 2014_8_8 110.68198240802045
357 37.8332,-81.9024 621804.0 24332.0 34.1053,-79.3221 2014_8_8 91.99796153213877
358 30.5749,-91.3383 1324345.0 42729.0 38.4941,-85.1242 2014_8_8 111.578600014042
359 36.4985,-120.9744 4539553.0 143935.0 28.391,-80.787 2014_8_8 113.54007572862751
360 40.7808,-73.9772 1954813.0 65274.0 34.4528,-91.2692 2014_8_8 107.81209670006436
361 37.2853,-80.0692 867152.0 31434.0 39.7682,-87.1978 2014_8_8 99.31116625310172
362 33.2765,-112.1872 2820298.0 91186.0 41.4191,-87.7748 2014_8_8 111.34464501129558
363 28.3325,-80.6121 1594881.0 52405.0 39.9832,-75.7481 2014_8_8 109.56152275546228
364 41.0765,-96.1438 209626.0 8087.0 39.6841,-96.8676 2014_8_8 93.31687894151106
365 45.0815,-97.4458 1541389.0 49442.0 35.6737,-90.0963 2014_8_8 112.23252295619108
366 41.9417,-71.6376 3504440.0 114591.0 39.1612,-108.1044 2014_8_8 110.09576668324738
367 38.1593,-85.778 3395274.0 106742.0 33.7866,-118.2987 2014_8_8 114.50962507728916
368 41.5596,-72.1227 2170797.0 73363.0 38.8591,-94.6314 2014_8_8 106.52330466311355
369 36.7818,-82.9305 1018666.0 36804.0 35.5816,-91.9305 2014_8_8 99.64127812194329
370 39.4961,-81.0572 4182771.0 136215.0 45.2466,-123.1114 2014_8_8 110.54564915758176
371 38.3774,-121.4444 2212722.0 73411.0 46.7075,-103.9575 2014_8_8 108.50961300077644
372 42.8098,-73.2534 1333133.0 47421.0 36.8734,-83.1451 2014_8_8 101.2057695957487
373 42.2925,-71.2258 360575.0 13128.0 40.7946,-74.1631 2014_8_8 98.87797074954297
374 34.7519,-92.3925 878110.0 29222.0 30.7151,-98.6109 2014_8_8 108.17863253712956
375 41.2124,-122.2734 4070558.0 131156.0 41.8054,-81.0588 2014_8_8 111.72961054012016
376 45.2233,-83.6393 1013976.0 34705.0 39.2114,-89.5305 2014_8_8 105.18120155597178
377 40.1252,-75.9756 1791947.0 61134.0 45.7734,-91.2262 2014_8_8 105.52244577485523
378 43.3919,-90.7663 908795.0 32664.0 38.1278,-96.1213 2014_8_8 100.16109478324762
379 41.6524,-96.2869 1367645.0 48729.0 46.0024,-84.3488 2014_8_8 101.03884750354
380 27.8918,-82.7248 1581321.0 54070.0 36.0643,-91.9447 2014_8_8 105.28491954873311
381 40.7492,-76.4536 4257588.0 136206.0 34.1243,-118.0515 2014_8_8 112.53040835205499
382 41.8515,-71.2545 1747999.0 59350.0 40.7152,-89.2706 2014_8_8 106.02858298230836
383 44.2148,-71.8966 1331507.0 45878.0 38.3462,-80.6265 2014_8_8 104.48200008718777
384 40.809,-72.7538 2276184.0 77810.0 47.6404,-92.4428 2014_8_8 105.31117337103201
385 32.8813,-83.3029 1769111.0 59645.0 45.1592,-87.171 2014_8_8 106.7784323916506
386 38.8715,-77.2344 764041.0 26562.0 39.6749,-84.1136 2014_8_8 103.55197650779309
387 40.198,-101.4116 1942944.0 65432.0 37.7431,-82.108 2014_8_8 106.89874067734442
388 39.8382,-111.848 3531155.0 115276.0 39.7857,-75.2498 2014_8_8 110.27584232624314
389 30.1502,-94.0008 507786.0 17788.0 32.7714,-97.2915 2014_8_8 102.76757364515404
390 35.3247,-80.6594 647879.0 23785.0 39.7207,-80.7618 2014_8_8 98.06030691612362
391 46.5393,-94.1344 2174106.0 74741.0 42.6149,-73.9708 2014_8_8 104.71871663477877
392 43.4963,-72.3394 798003.0 29535.0 38.5426,-76.8465 2014_8_8 97.26801422041643
393 37.9226,-81.2757 1530646.0 52382.0 31.3999,-92.6042 2014_8_8 105.19502119048529
394 29.6518,-95.4854 1023132.0 37741.0 36.7659,-92.9151 2014_8_8 97.59347129116877
395 37.2874,-107.8617 1800211.0 63535.0 37.8615,-90.6149 2014_8_8 102.00298418194694
396 31.6948,-106.3 1926051.0 69730.0 43.3241,-94.9737 2014_8_8 99.43759644342464
397 42.7639,-78.7518 794116.0 27199.0 38.5218,-85.0139 2014_8_8 105.10745247987059
398 36.7998,-85.8854 1536381.0 53124.0 47.2348,-93.5115 2014_8_8 104.1143663880732
399 38.3481,-83.7186 677261.0 23624.0 40.623,-78.635 2014_8_8 103.20604470030476
400 37.2742,-79.9579 703823.0 25658.0 41.9568,-76.7713 2014_8_8 98.75137578922754
401 35.0443,-106.6729 1250004.0 43505.0 39.5155,-95.8517 2014_8_8 103.43671761866452
402 30.033,-89.8826 3081158.0 97347.0 33.7866,-118.2987 2014_8_8 113.94463928010107
403 43.7769,-91.8443 1913584.0 65567.0 41.7541,-73.2 2014_8_8 105.06660972745438
404 30.7538,-98.4295 704347.0 26642.0 33.198,-92.5289 2014_8_8 95.17488176563322
405 40.834,-83.6518 656411.0 23260.0 41.5112,-90.738 2014_8_8 101.594135855546
406 40.6904,-76.2597 1242040.0 45623.0 47.01,-68.691 2014_8_8 98.00635644302216
407 37.4799,-84.3081 2592047.0 84713.0 43.5451,-109.6492 2014_8_8 110.1527416099064
408 34.027,-94.7623 962275.0 33364.0 40.5838,-96.397 2014_8_8 103.83017623786115
409 44.7926,-118.3394 2850151.0 94491.0 32.7673,-96.7776 2014_8_8 108.58752262120208
410 34.0669,-101.8736 1336962.0 43512.0 31.5755,-90.0173 2014_8_8 110.61461665747379
411 43.0934,-76.403 1732891.0 59705.0 34.1992,-89.382 2014_8_8 104.48718867766516
412 37.6083,-82.2867 387628.0 13728.0 39.1668,-84.5382 2014_8_8 101.65069930069932
413 41.8167,-74.1311 1999864.0 66390.0 41.5957,-95.4419 2014_8_8 108.44269317668324
414 37.774,-85.2011 769199.0 26790.0 42.1827,-80.0649 2014_8_8 103.36380739081748
415 45.1809,-89.6907 1702147.0 59934.0 36.8513,-78.9179 2014_8_8 102.24128541395537
416 46.0721,-97.6986 2940588.0 94746.0 28.6831,-81.2814 2014_8_8 111.73154328414918
417 39.6206,-105.0901 1997528.0 63362.0 39.8543,-83.6653 2014_8_8 113.49232663110382
418 40.2805,-74.712 635983.0 23954.0 36.0159,-76.9336 2014_8_8 95.58064623862404
419 40.3566,-112.4659 2095748.0 70541.0 47.3516,-94.6119 2014_8_8 106.95471853248466
420 41.7698,-72.2011 1893206.0 62708.0 33.0843,-87.6975 2014_8_8 108.6869554123876
421 34.7678,-92.2828 2019527.0 67065.0 40.7548,-73.6018 2014_8_8 108.40672780138672
422 47.3044,-68.1542 2232359.0 77912.0 38.3782,-88.3593 2014_8_8 103.14832631687031
423 30.4191,-97.0524 2567519.0 84596.0 40.5293,-75.501 2014_8_8 109.2612936781881
424 47.2387,-68.3232 1908773.0 67342.0 36.0641,-79.8202 2014_8_8 102.04007602981797
425 48.0171,-122.0672 3649767.0 119406.0 38.7563,-87.4313 2014_8_8 110.03769659816088
426 40.1601,-78.2346 789430.0 28085.0 37.1477,-83.737 2014_8_8 101.19095602634859
427 33.6573,-85.6991 333795.0 13340.0 31.3878,-84.1134 2014_8_8 90.07961019490256
428 35.5866,-77.3485 581196.0 20785.0 39.3724,-78.6427 2014_8_8 100.66420976665864
429 41.6787,-87.5005 1146738.0 37742.0 40.5526,-75.6553 2014_8_8 109.38097610089555
430 42.5385,-71.6115 1011685.0 36465.0 40.4012,-81.1016 2014_8_8 99.8784039489922
431 41.0732,-90.8257 1530947.0 52193.0 41.6485,-74.8654 2014_8_8 105.5967122027858
432 40.3745,-81.0004 3299458.0 106620.0 47.116,-114.0498 2014_8_8 111.40544738323015
433 40.3821,-80.4044 602399.0 23391.0 37.5048,-76.7097 2014_8_8 92.71242785686803
434 40.0086,-76.5972 424910.0 15116.0 42.5855,-76.3633 2014_8_8 101.19581899973538
435 29.834,-95.4342 1910715.0 64371.0 40.8479,-84.1832 2014_8_8 106.85827468891272
436 32.6254,-97.3658 2041635.0 66900.0 37.8049,-78.474 2014_8_8 109.8637668161435
437 29.5563,-98.3643 2009962.0 65823.0 39.7171,-84.1342 2014_8_8 109.92910077024747
438 48.3633,-116.6256 2538782.0 85106.0 35.8368,-99.8064 2014_8_8 107.39096185932837
439 44.4402,-75.7579 463062.0 15789.0 42.489,-79.239 2014_8_8 105.58130343910318
440 39.0584,-84.3396 905351.0 30204.0 32.8002,-85.8034 2014_8_8 107.9083432657926
441 38.9343,-80.4947 2476134.0 79254.0 31.5692,-103.0067 2014_8_8 112.47485805132864
442 45.2858,-123.8356 3994358.0 129749.0 41.5247,-82.7766 2014_8_8 110.82697207685608
443 41.9666,-75.9375 1582857.0 54232.0 34.5066,-87.7257 2014_8_8 105.07237793184835
444 37.3198,-80.8548 1052112.0 36012.0 40.8407,-89.897 2014_8_8 105.17614128623792
445 27.4272,-82.4387 2672842.0 85552.0 45.5962,-93.0395 2014_8_8 112.472311576585
446 36.8113,-114.1235 2886846.0 92451.0 32.4401,-88.6783 2014_8_8 112.41247363468216
447 36.7516,-94.2086 630377.0 21917.0 39.2326,-88.8868 2014_8_8 103.54324040699
448 35.5182,-96.5719 1242219.0 40599.0 44.9043,-97.124 2014_8_8 110.15021059632014
449 25.7873,-80.1564 2273273.0 76288.0 43.236,-77.0631 2014_8_8 107.27483745805372
450 37.7051,-97.3133 1605990.0 51112.0 40.2319,-111.6755 2014_8_8 113.11558929409922
451 37.7698,-111.6037 3233018.0 106443.0 34.6079,-82.9397 2014_8_8 109.34363743975649
452 40.7286,-111.6627 1139770.0 36072.0 34.4827,-118.6254 2014_8_8 113.749500998004
453 39.7473,-75.0899 4420688.0 141992.0 33.7866,-118.2987 2014_8_8 112.08009465321993
454 36.1052,-86.6591 896324.0 29249.0 42.2206,-88.9619 2014_8_8 110.32057164347499
455 38.9226,-111.2512 3021866.0 97261.0 32.9813,-84.5986 2014_8_8 111.85076855060095
456 48.2028,-114.3039 3881218.0 130522.0 41.8402,-74.073 2014_8_8 107.05003600925517
457 46.3075,-117.9738 3859922.0 128626.0 32.6176,-86.9475 2014_8_8 108.03196243372255
458 40.2012,-95.0121 1998485.0 68797.0 33.4321,-111.6426 2014_8_8 104.5764495544864
459 25.5584,-80.4582 2283254.0 74875.0 42.4998,-76.3636 2014_8_8 109.77915726210352
460 37.3916,-121.9203 1954249.0 65646.0 45.9783,-108.1945 2014_8_8 107.17022210035644
461 37.0211,-93.8974 1093970.0 35632.0 37.705,-83.0981 2014_8_8 110.52682981589581
462 44.4931,-117.7655 1785145.0 61890.0 48.5905,-104.6279 2014_8_8 103.83780901599613
463 29.2219,-81.0095 1452290.0 48356.0 38.6351,-88.0037 2014_8_8 108.11986103068908
464 38.4333,-88.9657 1447121.0 46878.0 30.2315,-97.7223 2014_8_8 111.13178036605656
465 41.5386,-90.6115 473815.0 16452.0 39.7417,-93.6289 2014_8_8 103.67943107221006
466 35.8762,-84.1746 413630.0 14000.0 37.6208,-81.1019 2014_8_8 106.36200000000001
467 34.7782,-86.7442 756409.0 26286.0 38.8916,-82.5883 2014_8_8 103.59401963022142
468 27.677,-97.365 1923839.0 63084.0 35.2927,-82.5036 2014_8_8 109.78727411070957
469 42.8318,-93.021 710607.0 23986.0 40.1666,-87.0664 2014_8_8 106.6532644042358
470 26.0892,-80.336 2353117.0 75963.0 43.0215,-88.0176 2014_8_8 111.51772836775798
471 40.8819,-80.3392 45272.0 2295.0 41.0732,-80.6553 2014_8_8 71.01490196078431
472 40.0171,-78.9077 1779610.0 60552.0 45.2708,-95.9164 2014_8_8 105.80321046373363
473 35.9279,-114.9721 1912115.0 62060.0 32.8582,-97.0832 2014_8_8 110.91869158878504
474 39.5645,-75.597 4655038.0 151828.0 45.2859,-123.1523 2014_8_8 110.37579893036856
475 31.4035,-110.2047 3609776.0 119446.0 40.9781,-77.0818 2014_8_8 108.79555280210305
476 43.7101,-92.5692 1943893.0 64968.0 31.0807,-83.6491 2014_8_8 107.71479497598818
477 40.7442,-89.7184 2826727.0 88897.0 44.8776,-117.9756 2014_8_8 114.47199793018886
478 35.7492,-86.6327 432234.0 15593.0 36.7836,-90.2168 2014_8_8 99.7910857436029
479 40.1818,-82.356 1310156.0 44938.0 33.5241,-91.4394 2014_8_8 104.9570875428368
480 38.4069,-90.4381 2493784.0 81443.0 44.4969,-114.1946 2014_8_8 110.23197082622202
481 40.104,-92.4066 1827726.0 62751.0 40.7548,-73.6018 2014_8_8 104.85591624037865
482 38.8644,-94.2815 648313.0 21786.0 34.8807,-92.2303 2014_8_8 107.12966125034426
483 42.6344,-71.2983 3451240.0 113304.0 27.2997,-98.6829 2014_8_8 109.65600508366873
484 26.3304,-81.5871 1694064.0 55988.0 33.325,-92.6616 2014_8_8 108.92745588340358
485 34.0972,-117.9065 3917666.0 125588.0 40.5565,-79.5772 2014_8_8 112.30051915788131
486 34.3098,-96.7884 2776553.0 90718.0 37.902,-122.6393 2014_8_8 110.18310368394366
487 40.5553,-77.4001 796022.0 28901.0 40.3883,-85.2255 2014_8_8 99.15501885747898
488 40.8394,-74.0566 1533992.0 51214.0 40.1017,-89.7469 2014_8_8 107.82932791814736
489 40.8138,-76.0611 251679.0 10198.0 39.3223,-74.6008 2014_8_8 88.84530300058836
490 26.4661,-98.0695 2500015.0 84661.0 39.4281,-81.4644 2014_8_8 106.30696542681991
491 43.2925,-96.7529 2472379.0 80840.0 42.342,-71.8414 2014_8_8 110.10099455714993
492 41.3143,-73.8508 302083.0 11056.0 42.4311,-76.1593 2014_8_8 98.36277134587554
493 40.9911,-75.2993 898811.0 30127.0 42.5592,-83.0029 2014_8_8 107.40264878680254
494 31.4458,-98.5744 1138346.0 39496.0 32.1211,-87.5667 2014_8_8 103.75849706299371
495 31.782,-95.164 1436184.0 49881.0 41.5147,-90.3577 2014_8_8 103.65193961628677
496 32.4754,-88.6991 428947.0 14191.0 30.486,-91.1481 2014_8_8 108.81609470791344
497 40.8559,-82.3189 587353.0 21077.0 41.5987,-76.4398 2014_8_8 100.32124116335342
498 40.0046,-93.9597 1717155.0 58649.0 36.3942,-78.9863 2014_8_8 105.40261556036762
499 28.0301,-82.6048 1674933.0 55729.0 39.6442,-75.1568 2014_8_8 108.19786466651115
500 44.9854,-70.1832 2832011.0 96462.0 38.8348,-98.5695 2014_8_8 105.69177085277106
501 40.6048,-74.4427 52109.0 2712.0 40.8789,-74.1081 2014_8_8 69.17123893805311
502 39.4338,-79.5008 556351.0 20257.0 40.8673,-74.5783 2014_8_8 98.87266623883104
503 40.9696,-78.1508 2612655.0 85457.0 29.4375,-98.4616 2014_8_8 110.0618790736862
504 26.2555,-97.8257 1036557.0 34038.0 33.3344,-95.0497 2014_8_8 109.63056583818087
505 38.805,-91.174 1757513.0 60899.0 37.6905,-108.0324 2014_8_8 103.8941000673246
506 30.4501,-97.4865 2758614.0 91615.0 40.8261,-73.8196 2014_8_8 108.39939311248159
507 36.7412,-108.1797 2533848.0 82491.0 33.9282,-84.4733 2014_8_8 110.57997599738155
508 41.6515,-74.4362 799063.0 28497.0 36.4761,-77.5719 2014_8_8 100.94489946310136
509 40.0113,-80.9701 577166.0 20259.0 42.6394,-84.5242 2014_8_8 102.56170590848512
510 36.7062,-99.8918 1943434.0 67099.0 30.6906,-83.1753 2014_8_8 104.26924991430573
511 41.4023,-83.4736 519523.0 18460.0 38.8817,-87.2025 2014_8_8 101.31542795232937
512 47.3607,-122.6001 3427974.0 112581.0 32.9374,-96.7872 2014_8_8 109.61624430410104
513 28.9059,-82.0612 1818719.0 61202.0 40.7843,-72.8921 2014_8_8 106.97997451063692
514 30.6038,-86.1211 3931570.0 126648.0 38.3945,-121.5641 2014_8_8 111.755827174531
515 43.9684,-70.1846 4518124.0 145281.0 33.5961,-112.1199 2014_8_8 111.95714787205485
516 37.0008,-85.6095 673694.0 23720.0 40.5053,-89.4833 2014_8_8 102.24698145025295
517 29.4137,-96.0929 3500046.0 121929.0 44.3593,-122.8508 2014_8_8 103.34018650198068
518 29.834,-95.4342 2279944.0 73547.0 38.8933,-77.0146 2014_8_8 111.59936367220959
519 38.7549,-89.0942 1416162.0 46201.0 36.8645,-76.3004 2014_8_8 110.34789723166166
520 39.3422,-74.5703 4452008.0 143427.0 34.3795,-118.523 2014_8_8 111.74485138781401
521 35.6215,-97.4733 259841.0 9012.0 34.5496,-99.4287 2014_8_8 103.79800266311584
522 42.6697,-77.6353 1691800.0 57816.0 40.4591,-94.8411 2014_8_8 105.34246575342466
523 47.8941,-117.7536 3891706.0 127021.0 33.8913,-84.0746 2014_8_8 110.297837365475
524 37.5215,-84.1132 1963083.0 66226.0 27.777,-97.4632 2014_8_8 106.71184731072388
525 42.8356,-71.0934 1623364.0 54256.0 40.1133,-86.5898 2014_8_8 107.71362429961664
526 40.9491,-73.7863 468034.0 16112.0 44.2595,-72.585 2014_8_8 104.57562065541212
527 47.4483,-122.2731 2801848.0 92300.0 35.5685,-101.1721 2014_8_8 109.28117876489708
528 34.3057,-88.8462 771634.0 25305.0 39.7495,-89.606 2014_8_8 109.77602845287493
529 38.5462,-92.1525 2942864.0 94163.0 35.8818,-118.6561 2014_8_8 112.51033208372715
530 39.9236,-81.543 478222.0 17051.0 39.5694,-77.2905 2014_8_8 100.96763826168554
531 35.9013,-96.3261 760772.0 25511.0 38.0427,-89.5661 2014_8_8 107.35679510799265
532 44.8787,-71.9714 2136264.0 71558.0 33.5225,-86.8094 2014_8_8 107.47296458816623
533 36.9775,-93.1065 1420332.0 48174.0 41.2023,-79.4538 2014_8_8 106.14014198530329
534 40.0118,-75.1456 1149184.0 38990.0 34.8826,-83.4066 2014_8_8 106.1057296742755
535 39.7501,-79.8618 1770022.0 59720.0 26.1433,-81.3891 2014_8_8 106.69924983255191
536 38.8318,-77.2888 3159779.0 102634.0 45.7753,-108.6519 2014_8_8 110.83271040785705
537 42.5385,-71.6115 1867728.0 62648.0 41.5701,-91.2668 2014_8_8 107.32698250542715
538 45.3567,-88.9136 2502222.0 86211.0 44.3842,-68.0317 2014_8_8 104.48781709990604
539 42.9912,-78.3122 2439304.0 80567.0 32.0909,-98.3455 2014_8_8 108.99616964762251
540 34.9492,-81.9902 964590.0 32323.0 35.675,-90.3469 2014_8_8 107.43198341738079
541 39.0783,-122.7846 2775539.0 90507.0 34.4853,-97.8522 2014_8_8 110.39964201663959
542 44.0761,-103.3171 777010.0 27267.0 38.9394,-105.0118 2014_8_8 102.58686324128072
543 41.5372,-109.763 2585376.0 85516.0 33.5446,-86.9292 2014_8_8 108.83756957762293
544 39.144,-77.2076 4606624.0 147015.0 36.8463,-121.5346 2014_8_8 112.80377104377104
545 37.3752,-81.6539 2473883.0 84029.0 32.8156,-104.7299 2014_8_8 105.98696640445559
546 39.1481,-93.3776 1059861.0 34894.0 34.1377,-87.0266 2014_8_8 109.3454347452284
547 46.7809,-89.1146 1675334.0 57798.0 39.1363,-77.6637 2014_8_8 104.3496729990657
548 33.2765,-112.1872 2812072.0 91364.0 39.5043,-85.7875 2014_8_8 110.80359003546258
549 33.6462,-117.8398 3824257.0 120053.0 33.8056,-81.966 2014_8_8 114.67706096474058
550 39.8974,-82.4071 968104.0 34035.0 41.6387,-73.2091 2014_8_8 102.39971793741735
551 43.2941,-72.7935 2917326.0 97093.0 44.0761,-103.3171 2014_8_8 108.16818514208029
552 34.2789,-101.8941 2247141.0 71778.0 42.5597,-83.1138 2014_8_8 112.7045557134498
553 37.814,-121.966 3670537.0 118708.0 34.3478,-86.7044 2014_8_8 111.314597162786
554 41.9644,-90.2223 423031.0 15592.0 40.6677,-86.7236 2014_8_8 97.67262698819908
555 33.922,-96.1918 1386084.0 46457.0 44.9995,-93.0969 2014_8_8 107.40905353337494
556 33.7866,-118.2987 3805093.0 121596.0 37.0395,-82.0246 2014_8_8 112.65448534491269
557 37.6811,-95.1388 771122.0 26291.0 33.3105,-99.8594 2014_8_8 105.58895439504013
558 40.763,-80.7042 1703685.0 55470.0 40.4789,-98.7927 2014_8_8 110.56906435911304
559 42.4022,-97.1956 923016.0 31183.0 48.8279,-95.1119 2014_8_8 106.55990764198442
560 41.7015,-76.2754 2579572.0 86333.0 32.2214,-98.2224 2014_8_8 107.56557978988337
561 39.8227,-80.5669 533112.0 20089.0 40.5891,-75.4645 2014_8_8 95.53502912041417
562 36.1202,-92.1867 740219.0 27727.0 39.123,-86.9991 2014_8_8 96.10806794820931
563 45.2009,-93.8881 1933451.0 65336.0 40.6437,-75.0966 2014_8_8 106.53274764295334
564 36.7534,-80.0055 742949.0 27657.0 39.0491,-85.4789 2014_8_8 96.70667100553206
565 44.2595,-72.585 3766234.0 124176.0 39.602,-110.8081 2014_8_8 109.18730189408579
566 42.8187,-85.5244 1541624.0 51171.0 44.0948,-70.239 2014_8_8 108.45686814797443
567 38.1997,-78.2394 1343538.0 46653.0 40.4979,-90.5088 2014_8_8 103.67472188283712
568 40.0792,-85.39 2502942.0 81938.0 45.441,-109.8271 2014_8_8 109.96840537967732
569 39.4905,-79.014 1476712.0 51863.0 32.7852,-89.5241 2014_8_8 102.50396621869156
570 40.3286,-75.1028 479745.0 17794.0 42.3657,-71.056 2014_8_8 97.05979543666405
571 38.1104,-108.2845 1311747.0 43487.0 33.8829,-117.8557 2014_8_8 108.59082484420631
572 32.9775,-90.983 1670818.0 52325.0 31.6948,-106.3 2014_8_8 114.95355566172958
573 40.2865,-82.68 165817.0 6126.0 41.3826,-81.7964 2014_8_8 97.44387855044072
574 43.7404,-82.7414 4110084.0 133876.0 38.7256,-123.4675 2014_8_8 110.5224416624339
575 29.2243,-94.9637 1980448.0 65564.0 44.9052,-93.3403 2014_8_8 108.74279787688366
576 39.522,-105.2239 1837086.0 60043.0 41.0389,-86.0395 2014_8_8 110.1462218743234
577 33.6328,-86.6493 2148622.0 71909.0 44.4383,-70.0748 2014_8_8 107.56705280284805
578 40.3433,-86.6613 2151976.0 70174.0 39.2453,-107.9249 2014_8_8 110.39863197195544
579 42.1987,-88.0419 787094.0 27060.0 41.2028,-79.747 2014_8_8 104.71317073170731
580 36.1797,-90.8241 3284197.0 104938.0 37.5176,-121.9287 2014_8_8 112.66756751605708
581 42.0403,-72.1544 421503.0 15637.0 39.934,-75.406 2014_8_8 97.03976466074054
582 37.4102,-83.3747 3637746.0 115458.0 33.6607,-117.8264 2014_8_8 113.42553655874865
583 26.5647,-81.6208 1491502.0 48795.0 32.6161,-91.4914 2014_8_8 110.04011066707649
584 42.2464,-85.0045 326076.0 11083.0 41.7328,-88.1282 2014_8_8 105.91659298024
585 30.8668,-88.649 3815232.0 125046.0 40.3514,-121.765 2014_8_8 109.83826111990787
586 40.0878,-105.3735 2476310.0 81621.0 40.6659,-78.7029 2014_8_8 109.22086227809021
587 38.8933,-77.0146 4301080.0 136564.0 33.7783,-117.9456 2014_8_8 113.3819161711725
588 32.5308,-92.6439 1372347.0 45401.0 27.9873,-81.7625 2014_8_8 108.81807008656195
589 47.0806,-117.2803 3373719.0 110425.0 38.1381,-85.6953 2014_8_8 109.98766945890877
590 41.4905,-87.0761 1893344.0 61741.0 28.3067,-80.6862 2014_8_8 110.39727895563726
591 33.6104,-97.0369 2140445.0 69893.0 37.3105,-76.7468 2014_8_8 110.24855135707438
592 32.7489,-99.8953 3263888.0 106313.0 43.7857,-124.1437 2014_8_8 110.52267173346628
593 40.1815,-80.8882 1345575.0 46533.0 35.3239,-92.2878 2014_8_8 104.09967120108313
594 39.4015,-75.8654 773434.0 27824.0 38.82,-82.7202 2014_8_8 100.07052903967798
595 40.604,-73.6554 1615029.0 54033.0 37.0855,-88.7125 2014_8_8 107.60284270723447
596 41.633,-72.244 676028.0 25346.0 38.6256,-77.9069 2014_8_8 96.01912727846606
597 43.6602,-70.2898 895148.0 31931.0 38.8318,-77.2888 2014_8_8 100.92176255049952
598 40.8174,-72.9852 2589927.0 85132.0 32.7942,-96.7475 2014_8_8 109.52094629516516
599 39.8857,-75.3082 730253.0 26105.0 44.9404,-73.0155 2014_8_8 100.70525952882588
600 36.7464,-119.6397 4366848.0 140157.0 27.2822,-82.4181 2014_8_8 112.16459256405315
601 42.5693,-75.9914 2730508.0 89021.0 29.844,-95.6623 2014_8_8 110.42146010491908
602 30.3269,-85.5169 1608765.0 52485.0 39.2856,-76.6899 2014_8_8 110.34684195484422
603 45.427,-84.5956 1387354.0 44385.0 34.6062,-87.0881 2014_8_8 112.52617776275768
604 38.5454,-92.7601 648508.0 22818.0 37.1788,-87.3644 2014_8_8 102.31522482250854
605 37.6085,-93.4126 3087234.0 97839.0 38.046,-122.1866 2014_8_8 113.59521663140468
606 33.7071,-84.4321 361104.0 13079.0 36.2178,-85.5423 2014_8_8 99.39402094961387
607 40.7808,-73.9772 236086.0 8909.0 41.5762,-75.7652 2014_8_8 95.39898978561008
608 35.8684,-80.315 740650.0 25696.0 34.734,-86.5229 2014_8_8 103.76478829389791
609 38.8643,-90.0875 712945.0 23842.0 39.9535,-82.4919 2014_8_8 107.65044878785335
610 40.5124,-88.9883 1220168.0 40156.0 47.1862,-97.7605 2014_8_8 109.38850483115849
611 29.8709,-93.9643 1817495.0 63526.0 42.922,-91.3778 2014_8_8 102.99691464912006
612 42.0778,-90.6771 247346.0 9277.0 41.6849,-88.3453 2014_8_8 95.98421903632641
613 43.9302,-71.5341 2588113.0 85996.0 34.4689,-93.043 2014_8_8 108.34465323968556
614 43.6223,-73.1708 428050.0 16612.0 41.7008,-70.0579 2014_8_8 92.76306284613531
615 40.6681,-111.9083 3754062.0 124444.0 43.4227,-71.9448 2014_8_8 108.60003857156632
616 32.8402,-88.4883 1296906.0 43277.0 40.965,-81.6848 2014_8_8 107.8832081706218
617 41.6928,-90.3071 3033762.0 95350.0 38.6709,-121.1529 2014_8_8 114.54161719979021
618 46.5754,-116.7188 3969748.0 132865.0 32.5598,-84.2277 2014_8_8 107.5610040266436
619 42.5445,-83.2792 569224.0 19325.0 38.0932,-84.5007 2014_8_8 106.03914100905564
620 43.1803,-73.7053 1746964.0 57575.0 33.2549,-84.2728 2014_8_8 109.23266000868428
621 39.4731,-76.4484 608690.0 21538.0 37.8251,-81.3858 2014_8_8 101.74036586498282
622 42.1145,-72.5543 2414241.0 79230.0 43.446,-96.6864 2014_8_8 109.69667550170394
623 40.6681,-111.9083 2297387.0 79797.0 32.9721,-93.4492 2014_8_8 103.64541524117449
624 30.0188,-100.231 673620.0 20944.0 31.6631,-106.1401 2014_8_8 115.78647822765473
625 30.3784,-95.557 2697442.0 91191.0 42.7303,-75.2525 2014_8_8 106.4884824160279
626 38.5649,-82.5489 605793.0 20695.0 35.0178,-85.2064 2014_8_8 105.380758637352
627 42.3219,-72.6928 626666.0 23214.0 39.1419,-77.189 2014_8_8 97.18263117084518
628 36.7464,-119.6397 3251270.0 103725.0 34.878,-88.4359 2014_8_8 112.84234273318873
629 39.9503,-75.304 3361416.0 109903.0 40.3748,-109.9112 2014_8_8 110.10707260038393
630 44.2343,-74.556 4584406.0 147227.0 38.7609,-121.2867 2014_8_8 112.09806353454194
631 40.3058,-83.9153 1472315.0 50887.0 43.7719,-70.6396 2014_8_8 104.15890109458212
632 40.6478,-79.931 1894742.0 64146.0 46.4008,-98.5233 2014_8_8 106.336657001216
633 25.5584,-80.4582 1301533.0 41902.0 35.958,-80.7585 2014_8_8 111.8208868311775
634 35.3168,-81.8319 374268.0 13923.0 37.2172,-82.9424 2014_8_8 96.77259211376858
635 35.8617,-110.3875 2348355.0 75762.0 38.1961,-87.2935 2014_8_8 111.58731290092659
636 39.569,-120.8344 3289496.0 103954.0 29.6863,-95.2555 2014_8_8 113.91755584200705
637 37.9525,-75.5112 2442431.0 81441.0 33.8164,-97.944 2014_8_8 107.96468118024092
638 40.4477,-79.9933 1226326.0 42264.0 31.4783,-82.217 2014_8_8 104.45706984667801
639 39.1642,-79.0433 1832434.0 61176.0 31.8959,-93.0936 2014_8_8 107.83252255786584
640 27.9953,-81.2593 2768378.0 91606.0 37.1451,-104.6205 2014_8_8 108.7937558675196
641 40.5259,-124.2514 251340.0 12146.0 40.4574,-122.3282 2014_8_8 74.49563642351394
642 39.3631,-79.1539 432661.0 16718.0 40.5217,-82.1505 2014_8_8 93.16781911711928
643 39.1194,-122.8315 4456632.0 145183.0 41.7695,-77.0005 2014_8_8 110.50794652266451
644 41.8679,-80.7947 1197081.0 39177.0 33.9653,-84.5112 2014_8_8 110.00055134390075
645 38.1286,-104.5523 852863.0 30179.0 31.6948,-106.3 2014_8_8 101.73653202558071
646 40.6451,-73.945 177218.0 7528.0 41.6583,-72.6632 2014_8_8 84.74824654622742
647 40.0561,-76.183 4541374.0 145810.0 38.068,-122.741 2014_8_8 112.12500102873604
648 41.7149,-72.2134 3641562.0 120400.0 32.4259,-106.6136 2014_8_8 108.88391362126244
649 37.5555,-82.6267 154165.0 6416.0 38.4635,-82.3523 2014_8_8 86.5015586034913
650 30.2259,-92.0218 1928611.0 62229.0 38.8933,-77.0146 2014_8_8 111.57176878947115
651 41.5199,-71.774 2558592.0 86695.0 30.7962,-92.9517 2014_8_8 106.24524136340042
652 33.4575,-102.1584 2002440.0 67177.0 35.4425,-83.8996 2014_8_8 107.3102996561323
653 36.3335,-101.9886 1507675.0 52598.0 37.0045,-87.1521 2014_8_8 103.1908057340583
654 47.9017,-122.2472 143619.0 6224.0 47.3571,-122.8587 2014_8_8 83.07011568123394
655 34.0646,-105.9496 2294040.0 74894.0 37.1549,-84.0961 2014_8_8 110.2697679386867
656 35.1007,-79.4663 854617.0 28924.0 28.834,-82.2822 2014_8_8 106.3691467293597
657 46.4959,-90.4383 751946.0 27214.0 43.4443,-96.3361 2014_8_8 99.47106636290144
658 39.8906,-77.3566 4516568.0 146724.0 46.2956,-122.6477 2014_8_8 110.81789482293286
659 39.5723,-90.2379 1297031.0 45009.0 40.7627,-77.0775 2014_8_8 103.74173165366926
660 41.0271,-95.8046 637998.0 20787.0 36.15,-94.2429 2014_8_8 110.49178813681627
661 38.9053,-77.0466 183809.0 8087.0 38.9812,-78.7448 2014_8_8 81.82421169778658
662 44.4022,-92.5717 691462.0 26144.0 46.0055,-99.7725 2014_8_8 95.21355569155443
663 39.6453,-111.4953 2854027.0 92925.0 40.1445,-82.6973 2014_8_8 110.56763196125908
664 29.1733,-98.4723 1487809.0 50730.0 40.1803,-103.2259 2014_8_8 105.58076877587229
665 39.3434,-89.2191 344843.0 11970.0 42.0979,-89.0838 2014_8_8 103.71218045112782
666 47.2694,-88.4184 2622896.0 87929.0 27.8397,-82.7725 2014_8_8 107.3869326388336
667 43.0585,-71.3049 3354021.0 109173.0 29.4375,-98.4616 2014_8_8 110.59946690115689
668 40.722,-73.7908 1012184.0 35496.0 37.6522,-82.3209 2014_8_8 102.65557809330627
669 35.2512,-79.536 1849795.0 62812.0 43.79,-92.531 2014_8_8 106.01894542444118
670 39.0957,-84.1451 2038785.0 64494.0 40.4641,-104.8851 2014_8_8 113.80323751046608
671 35.9731,-78.4508 420376.0 15607.0 37.6708,-81.1749 2014_8_8 96.96633561863268
672 42.1787,-74.9984 4459074.0 143707.0 33.6415,-117.5894 2014_8_8 111.70413688964352
673 38.9553,-94.7799 1188511.0 39222.0 40.7559,-82.5123 2014_8_8 109.08774667278568
674 42.7684,-78.8871 599071.0 21483.0 41.0572,-73.8136 2014_8_8 100.38894009216592
675 37.5799,-84.2749 505353.0 17350.0 35.2295,-81.7492 2014_8_8 104.8571066282421
676 40.7582,-74.9914 4359000.0 140599.0 46.2538,-119.9157 2014_8_8 111.61103564036728
677 32.2954,-96.3887 1818157.0 60413.0 39.9945,-81.5006 2014_8_8 108.34365451144623
678 37.2942,-94.5655 2142841.0 70762.0 26.6627,-82.1401 2014_8_8 109.01652864531808
679 40.3222,-79.3601 3009826.0 98614.0 34.1077,-109.294 2014_8_8 109.87662603687104
680 38.2691,-121.3 3727992.0 118014.0 39.1668,-84.5382 2014_8_8 113.72185672886269
681 39.1179,-87.8029 511670.0 17979.0 40.1445,-82.6973 2014_8_8 102.45352911730352
682 45.6917,-94.0563 1576852.0 54738.0 34.87,-87.7069 2014_8_8 103.70614929299572
683 35.0285,-114.3837 882391.0 30475.0 37.0313,-122.1198 2014_8_8 104.23650861361773
684 35.7307,-91.2003 969287.0 33869.0 37.9453,-82.545 2014_8_8 103.02734654108477
685 36.5349,-119.3909 4345698.0 139151.0 34.1572,-77.9141 2014_8_8 112.4283174393285
686 31.8496,-83.7277 4478740.0 144662.0 47.6155,-122.2072 2014_8_8 111.45611148746734
687 42.3389,-70.9196 244067.0 9303.0 41.3229,-73.08 2014_8_8 94.44708158658493
688 33.7866,-118.2987 1407893.0 46510.0 44.0185,-123.0998 2014_8_8 108.97473231563106
689 38.8933,-77.0146 2615593.0 89312.0 35.618,-103.1317 2014_8_8 105.42967126477966
690 36.5996,-100.7103 2365111.0 79695.0 39.144,-77.2076 2014_8_8 106.83731225296444
691 39.2025,-119.7526 3097333.0 98349.0 41.9025,-87.7393 2014_8_8 113.37582283500595
692 40.1317,-88.2854 1359651.0 47005.0 40.6913,-73.8059 2014_8_8 104.13240293585793
693 31.6781,-98.1131 3002012.0 101585.0 43.4399,-72.6207 2014_8_8 106.38621056258306
694 40.3748,-80.0731 1988682.0 65145.0 32.4757,-96.9936 2014_8_8 109.89723232788396
695 39.7423,-83.597 797100.0 25961.0 34.2079,-84.7673 2014_8_8 110.53349254651206
696 25.5584,-80.4582 1838517.0 58904.0 38.6506,-85.6589 2014_8_8 112.36352709493411
697 42.9777,-78.3929 4375913.0 141974.0 40.748,-123.229 2014_8_8 110.95895586515844
698 42.0293,-88.3747 1900734.0 62218.0 28.5642,-82.4165 2014_8_8 109.9785013983092
699 35.8054,-97.0159 2077511.0 69097.0 38.8738,-77.1142 2014_8_8 108.2397151830036
700 37.7589,-122.1853 3093131.0 96707.0 29.6601,-95.2258 2014_8_8 115.14442181021023
701 42.3849,-88.3534 1878568.0 62267.0 28.9471,-81.9971 2014_8_8 108.6104164324602
702 38.8888,-81.5326 895938.0 32064.0 40.8154,-73.4716 2014_8_8 100.59184131736528
703 33.61,-101.8213 1821483.0 62579.0 36.6191,-84.4308 2014_8_8 104.78497259464035
704 41.8119,-87.6873 1124434.0 38026.0 38.8764,-77.0188 2014_8_8 106.45249040130436
705 40.9646,-91.5614 1328882.0 43272.0 45.9159,-102.1928 2014_8_8 110.5559068219634
706 43.0696,-89.4239 102376.0 4061.0 43.0187,-88.303 2014_8_8 90.75439546909628
707 42.1087,-79.9535 787048.0 26964.0 39.5737,-87.2454 2014_8_8 105.07983978638184
708 40.1696,-85.0044 1381673.0 49713.0 43.2517,-71.9617 2014_8_8 100.05477038199264
709 36.0687,-83.6568 1302680.0 42833.0 40.2601,-94.0189 2014_8_8 109.48679756262695
710 40.7808,-73.9772 2042946.0 68395.0 36.606,-94.4551 2014_8_8 107.53133416185396
711 45.075,-123.6335 4388053.0 143578.0 37.9756,-80.4269 2014_8_8 110.02375572859353
712 43.1448,-94.8842 2041928.0 68805.0 35.8321,-78.3174 2014_8_8 106.83730542838457
713 39.2853,-74.9983 4625836.0 149725.0 47.5058,-122.1157 2014_8_8 111.22397462013693
714 44.5587,-95.9767 2222224.0 76153.0 41.1238,-73.3195 2014_8_8 105.05175633264612
715 39.0566,-81.3989 895029.0 32215.0 34.8739,-76.5871 2014_8_8 100.01876144653113
716 48.0196,-106.447 3127037.0 103369.0 35.3257,-79.7596 2014_8_8 108.90434462943436
717 45.4983,-122.6913 4243224.0 137560.0 30.6589,-88.178 2014_8_8 111.04686246001744
718 42.261,-89.8393 376473.0 15239.0 39.4227,-90.0311 2014_8_8 88.9364656473522
719 41.3866,-73.1872 253966.0 10436.0 42.4711,-74.8357 2014_8_8 87.6080490609429
720 42.223,-123.2829 2299484.0 80773.0 40.1398,-101.7399 2014_8_8 102.48650415361568
721 37.4331,-82.9018 534498.0 19579.0 40.8746,-81.1739 2014_8_8 98.27840032688084
722 35.3002,-114.2215 1573339.0 50741.0 35.9972,-98.9825 2014_8_8 111.62610906367632
723 38.0908,-95.0053 1003285.0 34300.0 42.0496,-102.4437 2014_8_8 105.30104956268222
724 40.0484,-76.2114 1984856.0 66983.0 39.8279,-97.6509 2014_8_8 106.67604616096622
725 41.5749,-73.5948 2231197.0 74377.0 43.6223,-96.3698 2014_8_8 107.99453056724523
726 31.2077,-92.7392 1018517.0 35146.0 35.4414,-84.6416 2014_8_8 104.32655778751491
727 41.0938,-85.0707 997021.0 34188.0 38.2711,-77.1726 2014_8_8 104.9864162864163
728 38.8933,-77.0146 2249746.0 74810.0 34.0313,-97.6481 2014_8_8 108.26207191551931
729 38.9119,-107.9268 1614670.0 52371.0 38.3774,-121.4444 2014_8_8 110.99295411582749
730 42.1958,-75.7591 3382700.0 109268.0 40.6681,-111.9083 2014_8_8 111.4481824504887
731 47.1924,-93.1469 2208048.0 72830.0 29.5962,-95.4587 2014_8_8 109.1442098036523
732 37.1049,-92.4821 3069165.0 98492.0 40.0673,-120.9248 2014_8_8 112.18163911789793
733 32.2434,-111.0179 1723095.0 55396.0 40.9124,-121.9233 2014_8_8 111.97815726767277
734 40.5039,-79.3677 87660.0 4606.0 40.6876,-78.5523 2014_8_8 68.51411202778984
735 38.0413,-81.0648 1305053.0 44619.0 42.4698,-92.3095 2014_8_8 105.2957439655752
736 29.834,-95.4342 1873962.0 62938.0 41.324,-84.9042 2014_8_8 107.18903047443516
737 42.837,-71.1603 6010654.0 260268.0 55.4732,-133.1171 2014_8_8 83.13874314168473
738 38.6531,-90.2435 1426799.0 47753.0 43.0409,-76.2262 2014_8_8 107.56342847569786
739 42.4694,-70.9728 2302556.0 75797.0 30.8516,-88.0533 2014_8_8 109.3605498898373
740 42.3299,-71.2562 81518.0 3464.0 42.8285,-71.6606 2014_8_8 84.71847575057737
741 41.5096,-71.7339 2929545.0 96983.0 30.5131,-96.618 2014_8_8 108.74443974717221
742 33.4717,-82.0834 2281218.0 74614.0 46.325,-95.0504 2014_8_8 110.06493151419303
743 41.2137,-76.7633 1110779.0 37483.0 42.5001,-88.08 2014_8_8 106.6831470266521
744 35.6144,-88.5195 1171281.0 39779.0 40.4828,-79.185 2014_8_8 106.00094522235352
745 32.6108,-87.8441 4115512.0 135395.0 46.3163,-122.7649 2014_8_8 109.42681192067656
746 40.4663,-90.091 1235760.0 41760.0 32.1663,-85.6787 2014_8_8 106.53103448275864
747 34.6766,-83.4358 1424690.0 46096.0 29.8615,-95.2476 2014_8_8 111.26527247483513
748 42.7462,-73.763 103344.0 4154.0 42.708,-74.8025 2014_8_8 89.56148290804045
749 37.0285,-80.0496 1901748.0 65279.0 40.0315,-98.0779 2014_8_8 104.87741540158396
750 41.7973,-89.5995 907934.0 33179.0 38.1321,-82.4183 2014_8_8 98.5129871304138
751 44.6084,-70.6993 865357.0 32853.0 39.8949,-76.1465 2014_8_8 94.82498401972424
752 43.2662,-91.022 2496443.0 81921.0 26.045,-81.6669 2014_8_8 109.70562859340096
753 38.1015,-111.993 734133.0 26719.0 33.4564,-112.1284 2014_8_8 98.91383659568098
754 45.6174,-97.7925 2361564.0 82530.0 40.6514,-73.8708 2014_8_8 103.01260632497272
755 33.5703,-80.7081 542823.0 19259.0 37.421,-81.5424 2014_8_8 101.46751129342128
756 39.9158,-85.5182 498331.0 17613.0 39.2708,-80.7197 2014_8_8 101.85610628513031
757 39.1668,-84.5382 690499.0 24074.0 40.073,-77.6398 2014_8_8 103.25647586607958
758 45.2345,-69.5699 2633550.0 89057.0 43.6466,-93.5823 2014_8_8 106.457437371571
759 38.2711,-91.7303 422161.0 15282.0 40.5364,-89.1885 2014_8_8 99.44899882214372
760 38.0283,-84.4715 1014684.0 33603.0 41.464,-92.6848 2014_8_8 108.70643692527453
761 40.2021,-75.2507 2067060.0 69142.0 39.0871,-97.3095 2014_8_8 107.62511931966101
762 38.2481,-77.4681 2379174.0 79828.0 47.8381,-96.8803 2014_8_8 107.2935110487548
763 38.2711,-77.1726 1410604.0 45725.0 27.789,-82.6779 2014_8_8 111.05903553854569
764 41.3133,-94.4408 2077782.0 69354.0 37.3561,-75.9649 2014_8_8 107.852686218531
765 40.4885,-88.9396 1205134.0 41428.0 38.9766,-76.8053 2014_8_8 104.72343342666795
766 42.2454,-85.5299 753516.0 25686.0 37.8322,-89.6214 2014_8_8 105.60840925017521
767 33.9453,-92.1188 1500728.0 48999.0 44.4073,-94.4365 2014_8_8 110.25981754729686
768 40.7793,-77.7822 190265.0 6953.0 40.0651,-76.3356 2014_8_8 98.51200920465986
769 31.989,-81.0979 1252919.0 41842.0 40.6557,-75.4693 2014_8_8 107.79858515367334
770 46.5763,-91.5539 1882478.0 66298.0 42.638,-73.6109 2014_8_8 102.21908353193157
771 40.311,-98.427 2083541.0 69481.0 42.2085,-76.5717 2014_8_8 107.95393848678057
772 44.7016,-70.4249 2609246.0 90732.0 39.8488,-96.5063 2014_8_8 103.52781378124588
773 43.7324,-70.8451 162566.0 8416.0 43.8149,-72.2662 2014_8_8 69.53868821292775
774 40.1867,-75.7288 741683.0 26383.0 44.5416,-72.0175 2014_8_8 101.20375999696778
775 43.7381,-87.7867 1285477.0 42440.0 34.6836,-92.2776 2014_8_8 109.04140433553252
776 36.0908,-91.2745 1242826.0 43323.0 33.3364,-80.1859 2014_8_8 103.27478706460772
777 42.6058,-87.8762 1031642.0 35710.0 39.3181,-79.5764 2014_8_8 104.0019938392607
778 39.3729,-112.3288 3596969.0 116935.0 40.9139,-74.5863 2014_8_8 110.73749005857955
779 41.3143,-73.8508 332056.0 13311.0 39.9058,-76.3209 2014_8_8 89.80554428668019
780 27.872,-82.4388 1958339.0 63210.0 42.673,-82.7753 2014_8_8 111.5333080208828
781 43.0992,-84.6898 1367884.0 45997.0 43.1378,-71.2513 2014_8_8 107.05877339826513
782 40.9871,-94.7358 1332268.0 46701.0 38.2968,-81.5547 2014_8_8 102.69940258238579
783 36.8155,-97.4325 738886.0 23103.0 41.4596,-93.4022 2014_8_8 115.13611219322165
784 30.1854,-90.8631 1685591.0 56209.0 43.2786,-92.3981 2014_8_8 107.95651230230034
785 38.5456,-90.0378 875473.0 30026.0 34.2041,-84.0951 2014_8_8 104.96578964897093
786 40.3697,-96.205 2295991.0 78225.0 43.7738,-72.7814 2014_8_8 105.66401534036434
787 32.5556,-92.5224 1983845.0 62013.0 32.3366,-111.1771 2014_8_8 115.166852111654
788 38.4654,-75.1573 2138810.0 73853.0 46.6753,-93.0029 2014_8_8 104.25732197744169
789 42.1678,-97.1825 927810.0 32965.0 47.9034,-91.857 2014_8_8 101.32310025784923
790 39.1661,-84.4959 235013.0 8650.0 40.2441,-82.4135 2014_8_8 97.80887861271677
791 35.9407,-93.0654 2124939.0 71519.0 44.6902,-75.4774 2014_8_8 106.96151232539606
792 46.7689,-97.5318 2321199.0 77919.0 35.26,-80.8042 2014_8_8 107.24362992338196
793 37.4322,-83.3824 275573.0 11849.0 38.6456,-81.9083 2014_8_8 83.72544518524771
794 32.9574,-111.5344 1658285.0 52691.0 34.4853,-97.8522 2014_8_8 113.29877967774382
795 39.3602,-94.789 1196320.0 37771.0 42.7626,-105.3855 2014_8_8 114.02271584019483
796 42.0979,-89.0838 843111.0 28316.0 41.8113,-80.3753 2014_8_8 107.19026698686257
797 35.1295,-106.0283 1743443.0 54717.0 45.6546,-110.5609 2014_8_8 114.7064861012117
798 42.4225,-77.6918 1594830.0 54085.0 42.8491,-94.0074 2014_8_8 106.15490431727837
799 33.9172,-117.8897 3491390.0 110551.0 35.6781,-84.4312 2014_8_8 113.69416830241244
800 38.6531,-90.2435 872307.0 29504.0 42.4685,-82.9974 2014_8_8 106.43659164859
801 36.8199,-116.6094 3391035.0 109240.0 39.5589,-83.2504 2014_8_8 111.75142804833395
802 40.1573,-76.2042 1526356.0 49549.0 32.0677,-86.2463 2014_8_8 110.89793134069305
803 47.638,-121.9111 4496654.0 145859.0 39.934,-75.406 2014_8_8 110.98358277514588
804 32.2143,-82.4762 1473194.0 49161.0 40.7742,-73.7189 2014_8_8 107.88019771770306
805 32.1608,-95.5927 492839.0 19458.0 35.5,-94.2073 2014_8_8 91.18205365402407
806 31.8847,-84.2271 1295331.0 44126.0 39.0122,-91.8858 2014_8_8 105.6790010424693
